# Number of items
60
# Stacking height
5
# Number of stacks
48
# Item name and Appearance
# (0 for I^{fix}, 1 for I^1, 2 for I^2)
   001     0
   002     0
   003     0
   004     0
   005     0
   006     0
   007     0
   008     0
   009     0
   010     0
   011     0
   012     0
   013     0
   014     0
   015     0
   016     0
   017     0
   018     0
   019     0
   020     0
   021     0
   022     0
   023     0
   024     0
   025     0
   026     0
   027     0
   028     0
   029     0
   030     0
   031     1
   032     1
   033     1
   034     1
   035     1
   036     1
   037     1
   038     1
   039     1
   040     1
   041     1
   042     1
   043     1
   044     1
   045     1
   046     1
   047     1
   048     1
   049     1
   050     1
   051     1
   052     1
   053     1
   054     1
   055     1
   056     1
   057     1
   058     1
   059     1
   060     1
# Positions of Ifix-items in the format (itemName, stack, level)
   001     5     2
   002    12     1
   003     2     1
   004     6     1
   005     3     3
   006     9     2
   007    13     1
   008     4     2
   009     1     4
   010     3     1
   011     8     1
   012    10     1
   013     6     2
   014     3     2
   015     4     1
   016     1     1
   017     1     3
   018     1     2
   019    11     2
   020     5     1
   021     7     2
   022    10     2
   023     2     3
   024     9     1
   025     5     3
   026     7     1
   027     8     2
   028    11     1
   029     2     2
   030     4     3
# Stacking matrix
# Info: number of 1-entries = 2072, density = 0.59
0 1 1 1 1 1 0 0 1 1 1 0 1 0 1 1 0 1 1 1 0 1 1 1 1 0 0 0 0 1 0 1 0 1 0 1 0 1 0 1 0 0 1 1 1 1 1 1 0 1 1 1 1 0 0 1 0 0 0 0 
1 0 0 0 1 1 0 0 1 1 0 1 0 0 1 1 1 1 1 0 1 1 0 0 1 0 1 1 1 1 0 0 1 0 0 0 0 1 0 0 1 0 1 1 0 1 0 1 1 0 0 1 1 1 1 1 1 0 1 0 
1 0 0 1 1 1 0 1 1 0 1 1 0 0 0 0 1 1 1 1 1 0 0 1 0 1 0 1 0 0 1 1 0 0 0 1 0 1 0 1 1 1 0 0 1 1 1 1 0 0 1 0 0 1 0 0 0 1 0 0 
1 0 0 0 1 0 1 1 1 1 1 0 0 0 1 1 1 1 1 1 1 0 1 1 1 1 1 1 0 0 0 0 1 1 0 0 0 1 1 1 0 0 1 0 0 1 1 0 0 1 1 0 1 0 0 0 0 1 0 1 
1 1 0 1 0 1 1 1 1 0 1 0 1 1 1 1 0 1 1 1 1 1 1 1 0 0 0 1 0 0 0 0 1 0 0 0 1 1 1 1 0 0 1 1 1 1 1 1 1 1 1 1 0 1 1 1 1 0 0 0 
1 0 1 0 1 0 1 1 1 1 0 0 1 1 1 1 1 1 1 0 1 1 1 1 0 1 1 1 0 0 1 0 1 0 1 0 1 1 1 0 1 1 1 1 0 1 0 1 1 0 0 1 0 1 1 0 1 1 1 0 
1 0 0 0 0 1 0 0 0 1 0 1 0 1 1 1 0 0 1 1 0 0 1 1 1 0 0 0 1 0 1 1 1 1 0 1 1 1 1 0 0 1 0 1 0 1 1 0 0 0 1 0 1 1 0 0 1 1 1 1 
1 1 0 0 0 1 1 0 1 1 0 0 1 0 1 1 1 1 0 1 1 0 0 0 1 0 1 0 0 1 1 1 1 0 1 1 1 1 1 1 0 1 1 0 0 1 1 0 0 1 0 1 1 1 1 1 0 1 1 1 
1 0 0 0 0 0 1 1 0 1 1 1 1 1 1 1 1 0 0 1 0 0 0 1 1 1 1 0 1 1 1 0 1 0 1 0 0 0 1 0 0 0 0 1 1 1 1 1 1 0 0 0 0 1 1 1 0 1 0 0 
1 0 0 1 0 0 1 0 1 0 1 1 1 1 0 0 1 0 0 1 0 1 0 0 1 1 1 0 0 1 1 0 1 0 1 0 1 0 1 0 1 1 0 1 0 0 0 1 0 0 1 1 1 1 0 1 1 1 0 1 
1 1 1 1 1 0 0 1 1 0 0 0 0 0 0 0 1 1 0 0 1 0 1 0 0 1 0 1 1 0 0 0 1 0 0 0 0 1 1 1 0 0 0 0 1 1 0 1 1 1 0 0 1 1 1 0 1 1 0 1 
1 1 1 1 0 1 1 0 0 1 1 0 1 1 1 0 1 1 0 0 0 0 1 1 0 0 1 1 0 0 1 1 1 1 1 1 1 0 1 0 1 1 1 1 0 1 0 0 1 0 1 1 1 0 1 0 1 1 0 0 
0 1 1 1 1 0 0 1 1 1 1 0 0 0 0 1 0 0 0 1 0 1 1 1 0 1 0 1 1 1 0 1 1 0 1 1 0 1 1 0 1 1 1 1 0 1 1 0 0 0 0 1 0 1 1 1 0 1 0 1 
0 1 0 0 1 1 0 1 1 1 1 0 1 0 0 1 1 1 1 1 0 0 0 0 1 0 1 0 0 0 1 1 1 0 0 0 1 1 0 1 0 0 0 1 0 0 0 0 1 0 1 0 1 0 1 1 0 1 1 1 
0 0 1 0 1 0 1 1 0 1 1 0 1 0 0 1 0 0 0 0 0 1 1 1 1 1 0 0 1 1 1 1 0 0 0 0 1 1 1 1 1 0 0 0 1 1 1 1 1 0 1 1 0 0 0 1 1 1 0 1 
1 1 1 0 1 1 1 1 0 1 1 0 1 1 1 0 0 1 1 1 1 0 0 0 0 0 0 0 0 0 0 0 0 1 0 0 0 1 1 1 1 1 1 1 0 1 1 1 1 0 0 1 0 1 1 0 0 1 0 0 
1 1 1 1 0 1 1 1 0 0 1 1 1 1 1 0 0 1 1 1 1 1 1 1 0 1 1 0 0 0 1 1 1 0 0 0 1 0 0 1 1 1 0 0 1 0 1 0 0 1 1 1 0 1 1 1 0 1 1 1 
0 1 0 1 0 1 0 0 1 1 0 1 0 0 1 1 0 0 1 1 1 1 1 1 1 1 1 0 1 0 1 0 1 1 0 1 0 1 0 0 0 0 0 1 1 0 0 0 1 1 0 1 1 1 1 0 1 1 1 1 
1 0 0 1 0 1 1 0 1 1 0 1 0 0 1 0 1 1 0 1 1 1 1 0 0 0 1 1 0 0 0 0 0 1 1 1 1 0 1 0 0 1 1 1 1 1 1 0 1 1 1 0 1 0 1 1 0 0 1 1 
0 1 0 0 0 1 0 0 0 1 1 0 1 1 0 0 0 1 1 0 0 1 1 1 1 1 1 0 1 0 0 1 1 1 1 1 0 1 1 0 1 0 1 0 1 1 1 1 1 1 1 1 1 1 0 0 1 0 1 0 
0 0 0 1 1 0 1 0 1 1 1 1 1 0 1 0 0 0 1 0 0 0 0 1 0 1 1 1 0 1 1 0 0 1 1 0 1 0 1 0 1 0 1 0 0 0 0 1 0 1 0 1 1 1 0 1 1 1 0 0 
0 0 1 1 0 1 1 0 0 1 1 1 1 1 1 0 1 0 1 1 1 0 1 0 1 1 1 0 1 1 1 0 1 1 0 0 1 1 1 1 0 0 1 1 1 1 0 1 0 0 1 1 0 0 1 0 0 1 0 0 
1 0 0 1 1 0 1 1 0 0 1 1 1 0 0 0 0 1 1 1 0 1 0 0 1 1 0 0 1 1 0 1 0 1 1 1 1 1 1 1 1 1 0 0 1 0 1 0 1 1 0 1 0 0 0 0 0 0 0 1 
0 1 0 1 0 1 1 0 1 0 0 1 1 1 1 1 1 1 1 0 1 1 0 0 0 1 0 1 1 0 0 1 0 1 1 0 1 1 1 1 1 1 0 1 1 1 0 1 1 0 1 0 1 1 0 1 1 0 1 0 
1 1 1 1 0 0 1 1 1 1 0 1 1 1 0 0 1 1 1 1 0 0 1 1 0 1 1 1 0 0 1 1 1 0 1 1 1 0 1 1 1 1 0 1 1 0 1 1 1 1 1 1 1 0 1 1 0 1 0 1 
0 1 1 1 0 1 0 1 0 1 1 1 1 0 1 0 0 1 0 0 0 0 1 0 1 0 0 1 0 0 1 1 0 0 0 1 1 0 1 1 1 0 1 0 1 1 0 0 1 1 0 0 0 0 1 0 1 1 1 1 
0 0 0 1 0 1 0 1 1 0 1 1 1 1 0 1 0 0 1 0 1 1 1 0 1 0 0 1 1 0 1 0 1 1 1 1 1 0 1 1 0 1 1 1 0 0 1 1 0 1 1 1 0 0 0 1 1 1 0 1 
0 1 0 0 0 1 0 0 0 1 1 1 0 1 1 0 0 1 1 1 1 1 1 0 1 0 0 0 1 1 0 0 1 0 1 0 1 1 0 1 0 0 1 0 1 1 0 0 1 1 1 0 1 0 0 1 0 0 0 1 
0 1 1 1 0 1 0 1 0 1 0 1 1 0 1 1 0 1 1 0 1 0 0 1 0 1 1 1 0 1 0 0 0 0 0 1 1 1 0 0 0 0 1 0 1 0 1 0 0 0 1 1 1 1 1 0 0 1 0 0 
1 1 1 1 0 1 1 1 1 0 0 1 1 1 0 1 0 1 1 0 1 0 0 0 0 0 0 1 1 0 0 1 1 0 1 0 1 1 1 1 1 1 1 1 0 1 1 1 0 0 0 0 1 0 1 0 0 1 0 0 
1 1 0 0 1 1 1 1 1 0 0 1 1 1 1 0 0 1 1 1 1 0 0 0 0 1 0 1 1 1 0 1 0 0 1 1 0 1 0 0 0 0 0 0 1 0 1 0 0 1 0 0 0 1 0 0 0 0 0 1 
1 1 1 0 0 0 0 1 1 1 0 1 1 1 1 0 1 0 0 0 1 1 0 1 1 1 0 1 0 0 1 0 1 0 1 1 0 0 1 1 1 1 0 1 1 0 1 0 0 1 0 1 1 1 1 1 0 1 1 0 
0 0 0 0 0 0 1 1 1 1 0 0 0 1 1 0 0 1 1 1 1 0 0 1 1 1 1 1 1 1 1 0 0 0 1 1 0 1 1 0 1 1 0 1 0 1 1 0 1 1 0 1 0 0 1 1 1 1 1 1 
0 1 1 1 0 1 1 1 0 0 1 0 1 1 1 0 0 1 1 1 1 1 0 1 0 0 0 1 1 1 0 0 1 0 0 0 1 1 0 0 1 1 1 0 1 1 1 1 1 1 0 1 1 1 1 1 1 0 1 0 
0 1 0 1 1 1 0 0 0 0 1 1 1 1 1 0 1 1 1 0 0 1 0 1 0 1 1 1 1 1 0 0 1 1 0 1 0 1 1 0 0 1 0 0 1 1 1 1 0 1 0 0 1 1 0 1 0 1 0 1 
1 1 0 1 1 0 1 0 0 1 0 0 1 1 0 1 1 1 1 1 1 0 0 1 0 0 1 0 1 0 1 0 0 1 1 0 0 0 0 0 0 1 0 0 1 1 0 1 1 0 1 1 1 1 0 1 1 1 1 0 
1 0 1 0 0 1 1 0 0 0 0 0 1 0 0 1 1 1 0 1 0 1 0 1 0 0 1 1 1 1 1 0 0 1 0 1 0 1 1 1 1 0 1 0 1 1 1 1 1 0 1 1 1 1 1 0 1 1 1 0 
1 0 1 0 1 1 0 1 1 1 1 1 0 1 1 0 0 0 0 1 0 1 1 0 1 1 1 0 1 1 1 1 0 1 1 1 0 0 1 0 1 1 1 1 1 1 1 1 1 0 0 1 0 1 1 0 0 1 0 1 
1 1 1 1 1 1 1 0 0 1 0 1 0 1 1 1 0 1 1 1 1 1 1 1 0 1 1 0 0 0 1 1 1 1 1 1 1 1 0 1 0 1 0 1 1 0 0 0 1 1 0 0 1 1 1 0 0 0 0 1 
0 1 1 0 1 1 1 0 1 0 1 0 0 0 1 0 0 0 0 0 1 0 1 1 1 0 1 0 0 1 1 0 0 1 1 0 1 0 0 0 1 0 1 1 1 1 1 1 1 0 1 1 1 1 1 1 0 1 0 1 
1 0 0 0 1 1 0 1 0 1 1 0 0 1 1 0 1 0 0 0 1 0 0 0 1 1 0 1 0 0 1 1 1 1 1 1 0 0 0 1 0 1 0 1 0 1 1 0 0 1 1 0 1 0 1 1 1 1 0 1 
1 1 0 1 1 1 1 1 0 1 1 1 1 1 1 1 1 0 1 1 0 1 1 1 0 0 1 0 0 0 1 0 1 0 0 1 1 1 1 1 0 0 1 1 1 0 1 1 1 0 1 1 1 0 0 0 1 1 0 0 
0 1 0 1 0 1 1 0 1 1 1 0 0 0 1 0 1 0 1 0 1 1 1 1 1 0 1 0 1 0 0 1 1 1 0 0 0 0 1 1 0 0 0 1 0 0 0 1 1 1 0 0 1 1 0 1 0 1 1 1 
0 0 0 1 1 0 1 0 0 0 0 1 0 1 1 1 1 0 1 1 0 1 0 0 0 0 1 1 0 0 0 1 1 1 0 1 1 0 0 0 0 1 0 0 0 0 0 1 0 1 1 1 1 0 0 1 1 0 0 1 
0 1 1 1 1 0 1 1 1 0 1 0 0 1 1 1 0 1 0 1 1 1 0 0 0 1 0 0 0 1 0 1 1 1 1 0 0 1 1 1 1 1 1 0 0 1 1 0 0 0 1 0 0 1 0 0 0 1 0 1 
1 1 1 0 1 1 0 0 0 1 1 1 1 0 0 0 0 1 0 1 0 0 1 0 1 0 1 0 1 1 1 1 1 1 1 0 1 1 1 1 1 0 1 1 1 0 1 1 1 1 0 0 0 1 1 1 1 0 1 1 
1 0 0 1 1 1 1 0 1 1 0 1 1 0 1 1 0 1 1 0 1 0 0 1 1 0 0 1 0 0 1 0 1 1 0 1 1 1 1 0 0 1 1 1 1 0 0 1 1 1 1 1 0 0 1 0 0 0 1 0 
0 1 0 0 1 0 1 0 0 1 1 1 1 1 1 1 0 1 1 1 1 1 0 1 0 0 0 0 0 1 0 1 1 1 0 1 1 0 1 0 1 0 1 1 0 0 1 0 0 1 1 1 1 1 0 1 0 1 1 1 
0 0 1 0 0 0 0 0 0 0 0 1 0 1 0 0 1 1 0 1 1 1 0 0 1 1 1 1 1 0 1 1 0 0 0 0 1 1 0 1 0 1 1 0 1 1 1 0 0 1 0 1 0 1 0 1 0 1 0 1 
1 1 1 1 1 0 1 0 0 1 0 0 1 0 0 1 0 0 1 0 0 1 0 0 1 0 1 1 1 0 1 0 0 1 1 0 0 0 1 0 1 1 1 0 0 0 1 0 1 0 1 0 1 1 1 1 0 1 0 1 
0 0 0 0 0 1 0 0 0 1 1 0 1 0 1 0 1 1 1 1 0 0 0 0 1 0 0 0 0 1 1 0 0 1 0 0 1 1 1 0 1 0 1 1 1 0 0 0 1 1 0 1 0 1 0 1 1 1 1 1 
1 0 0 1 1 1 1 0 0 1 0 1 1 0 1 1 0 0 1 1 0 1 1 1 1 0 1 1 0 0 1 0 1 1 1 1 1 1 1 1 1 1 0 1 0 0 0 1 0 0 1 0 1 1 1 1 1 0 1 1 
1 0 1 1 1 0 1 0 1 0 1 0 0 1 1 0 1 1 1 0 0 0 0 1 0 1 0 1 1 1 0 1 1 1 1 1 0 1 1 0 1 0 1 0 1 0 0 1 1 1 1 0 0 0 1 1 1 0 1 1 
1 1 0 0 1 0 1 0 0 1 1 1 0 1 0 0 0 1 0 1 1 1 1 0 0 1 0 1 1 1 1 1 1 1 0 0 1 0 0 1 1 0 0 0 1 0 1 0 1 0 0 0 1 0 1 0 0 0 1 1 
1 1 0 1 1 1 1 0 0 1 0 0 0 0 0 1 0 0 1 1 1 1 1 0 1 0 1 0 1 0 1 1 1 1 1 1 1 0 1 1 1 0 0 0 1 1 1 0 0 1 1 0 1 1 0 1 1 1 1 0 
0 1 1 1 1 1 1 0 0 1 1 1 1 0 0 1 1 0 0 1 1 1 0 0 1 1 1 0 1 1 1 0 1 0 1 0 1 1 0 1 0 1 1 0 1 1 1 1 1 0 1 0 1 0 1 0 0 1 1 0 
1 1 1 0 0 1 0 0 1 0 1 0 0 0 1 1 0 1 0 0 1 0 1 1 1 0 0 1 0 0 1 1 1 0 0 1 1 1 1 1 0 0 1 1 1 1 1 0 0 0 1 0 1 1 1 0 0 0 0 1 
0 0 1 1 1 1 1 1 1 0 1 0 1 1 1 1 1 1 1 0 1 1 0 1 1 1 1 0 1 1 1 0 0 1 1 1 0 0 0 0 1 1 0 0 0 1 1 1 1 0 1 0 1 1 0 1 0 0 0 1 
1 0 1 0 1 1 1 1 1 1 0 1 0 0 1 1 1 0 1 0 1 1 0 0 0 1 0 1 1 1 1 0 1 1 1 0 0 1 1 1 0 1 1 1 0 1 1 1 1 1 1 1 1 1 1 0 1 0 0 0 
1 0 1 1 1 1 0 0 0 0 0 1 0 1 0 1 1 0 1 1 0 1 1 0 0 0 1 1 1 1 1 1 1 1 0 0 1 0 1 1 1 1 1 1 0 1 1 1 0 1 1 1 1 1 1 1 1 1 0 0 
