# Number of items
60
# Stacking height
3
# Number of stacks
48
# Item name and Appearance
# (0 for I^{fix}, 1 for I^1, 2 for I^2)
   001     0
   002     0
   003     0
   004     0
   005     0
   006     0
   007     0
   008     0
   009     0
   010     0
   011     0
   012     0
   013     0
   014     0
   015     0
   016     0
   017     0
   018     0
   019     0
   020     0
   021     0
   022     0
   023     0
   024     1
   025     1
   026     1
   027     1
   028     1
   029     1
   030     1
   031     1
   032     1
   033     1
   034     1
   035     1
   036     1
   037     1
   038     1
   039     1
   040     1
   041     1
   042     1
   043     1
   044     1
   045     1
   046     1
   047     1
   048     1
   049     2
   050     2
   051     2
   052     2
   053     2
   054     2
   055     2
   056     2
   057     2
   058     2
   059     2
   060     2
# Positions of Ifix-items in the format (itemName, stack, level)
   001    18     1
   002     5     1
   003    10     1
   004     1     1
   005    20     1
   006    13     1
   007     4     1
   008    12     1
   009    16     1
   010    19     1
   011     1     2
   012     7     1
   013    11     1
   014     3     1
   015     8     1
   016     9     1
   017    15     1
   018    14     1
   019    17     1
   020    21     1
   021    22     1
   022     2     1
   023     6     1
# Stacking matrix
# Info: number of 1-entries = 1223, density = 0.35
0 0 1 1 0 0 1 1 0 0 1 0 1 0 0 0 1 0 1 1 0 1 1 0 1 1 0 0 0 0 1 0 0 1 1 1 0 1 0 1 0 1 0 1 0 0 1 0 1 0 0 1 1 0 1 1 0 1 0 0 
0 0 0 0 1 1 0 1 0 0 1 0 1 0 0 0 1 0 0 1 0 1 0 0 0 0 0 0 0 0 0 0 0 0 0 0 0 0 0 0 0 0 1 0 1 1 0 1 0 1 0 1 1 1 1 0 0 1 0 0 
0 0 0 0 0 0 1 0 0 0 0 1 0 0 1 0 0 1 1 1 1 0 0 0 0 0 1 0 1 0 0 0 1 0 0 0 1 0 1 0 1 1 0 0 0 0 1 0 0 0 0 1 0 1 1 0 0 1 1 1 
1 0 0 0 0 0 1 0 1 0 1 1 1 0 1 0 0 0 0 0 0 0 1 0 0 1 0 1 0 0 0 0 0 0 1 1 0 0 0 0 0 1 1 1 0 1 1 0 0 1 1 0 0 1 0 0 0 0 0 0 
0 0 0 0 0 1 0 0 0 0 1 0 1 1 0 1 1 1 1 1 1 1 0 0 0 0 1 1 0 0 0 0 0 0 0 0 0 0 0 1 0 0 0 1 1 1 0 0 0 0 1 0 0 0 0 0 1 1 0 0 
1 0 0 1 1 0 0 1 0 0 1 0 1 1 1 0 0 1 1 0 1 0 0 1 1 0 0 0 0 0 1 0 1 1 0 0 0 0 1 0 0 0 0 1 0 1 1 0 0 1 0 0 0 0 0 1 0 0 1 0 
1 1 0 0 0 0 0 0 0 0 0 1 0 1 1 0 1 0 0 1 0 1 0 0 0 0 0 1 1 1 0 1 0 0 0 0 0 0 0 0 1 0 1 0 1 1 0 0 0 0 0 1 0 0 0 1 1 0 0 0 
0 1 0 0 0 0 0 0 0 0 0 0 0 0 0 0 0 0 0 0 0 0 0 0 0 0 0 0 1 0 1 1 1 1 1 0 0 0 0 0 0 0 0 1 0 0 0 0 1 1 1 1 1 1 0 0 1 0 1 0 
0 0 0 1 1 1 0 0 0 1 1 0 0 1 1 0 0 1 1 0 1 0 0 0 0 0 1 1 0 0 1 0 0 0 1 0 0 0 0 1 0 1 0 0 0 0 0 1 1 0 1 0 0 1 0 0 0 1 0 1 
0 1 0 0 0 0 1 0 1 0 1 1 1 1 0 1 0 0 1 0 0 0 0 1 0 1 1 0 0 1 1 0 1 0 1 0 0 0 0 1 0 0 0 0 0 1 0 1 1 1 1 0 1 0 1 1 0 0 0 1 
0 0 0 1 0 1 0 0 1 0 0 1 1 0 0 0 0 0 0 0 0 0 0 0 0 1 0 1 0 0 0 0 0 1 1 0 0 0 0 0 1 0 1 0 1 0 1 0 0 1 0 0 0 0 1 0 0 1 0 1 
1 0 1 1 0 0 0 0 0 1 0 0 0 1 0 1 1 0 0 0 1 0 0 1 1 0 0 0 0 0 0 0 0 0 1 1 0 1 1 0 1 0 0 1 0 1 1 0 0 1 0 0 0 0 0 0 1 0 0 0 
1 1 0 0 1 1 1 0 0 0 0 1 0 0 0 0 0 0 1 1 1 0 1 0 0 0 1 1 0 0 0 0 0 0 0 0 0 1 0 0 0 0 0 1 0 1 1 1 0 1 1 0 1 0 1 1 0 1 1 0 
0 0 0 0 0 1 0 0 0 0 0 0 0 0 1 1 0 0 1 1 0 0 1 1 0 0 1 0 0 0 1 0 0 1 1 0 0 0 0 1 0 1 0 0 0 0 0 0 1 0 0 0 1 0 0 1 0 0 0 0 
1 1 0 0 0 0 1 1 1 1 0 0 1 1 0 0 1 0 0 0 0 1 0 1 0 0 1 0 0 1 0 0 0 0 1 0 0 1 1 1 1 1 0 0 1 0 0 1 0 0 1 0 0 1 1 1 1 0 0 0 
1 1 0 0 0 0 0 0 0 1 0 1 0 0 0 0 1 0 0 1 1 0 0 0 0 0 0 0 0 0 0 0 0 0 1 0 1 0 1 0 0 0 0 0 1 0 0 0 0 0 0 1 0 0 0 1 0 0 1 0 
0 1 0 1 0 0 1 0 0 0 0 0 0 1 1 0 0 1 0 0 1 1 0 0 0 0 0 1 0 0 0 0 1 0 1 1 1 0 0 0 0 0 1 0 0 1 0 1 1 0 0 1 0 1 0 0 0 0 1 0 
1 0 0 0 0 0 0 0 0 0 1 1 0 0 1 1 1 0 1 1 0 0 0 1 0 1 0 0 0 0 0 1 0 1 0 1 0 0 1 0 0 0 0 0 0 0 1 0 0 0 1 1 0 0 0 1 0 1 0 1 
0 0 1 0 1 1 0 0 1 1 1 0 0 0 1 0 0 0 0 1 0 0 0 0 0 0 0 0 1 0 1 0 1 0 0 0 1 1 0 0 0 0 1 1 1 0 0 1 1 1 1 1 0 0 1 0 0 0 0 0 
0 1 0 0 1 0 1 0 0 0 0 1 0 1 0 0 0 0 0 0 1 0 0 0 0 1 0 0 0 1 0 1 0 0 0 0 1 0 1 0 0 0 0 0 0 1 0 0 0 1 1 0 0 0 1 1 0 1 0 0 
0 0 1 0 1 1 0 0 0 0 0 0 0 0 1 1 0 0 1 0 0 1 0 0 1 0 1 0 0 0 1 0 0 1 0 0 1 1 1 0 0 0 1 0 0 0 0 0 1 0 1 1 1 0 0 1 0 0 1 0 
0 1 0 0 0 0 0 1 0 1 1 1 1 0 0 0 1 0 0 1 1 0 1 0 1 1 0 1 0 0 1 0 0 1 0 1 0 0 0 1 0 1 0 0 0 1 1 0 0 0 1 0 0 1 0 1 0 1 0 0 
0 0 0 0 0 0 1 0 1 1 0 0 0 0 0 1 0 1 0 0 0 1 0 0 0 0 1 1 0 0 0 0 0 1 1 1 1 1 1 0 0 1 0 1 0 0 0 0 1 0 0 1 0 0 1 1 1 0 1 1 
0 0 0 1 0 0 1 0 1 0 0 0 0 1 1 1 0 0 1 0 0 1 0 0 1 0 0 0 0 0 1 0 0 0 1 1 0 0 0 1 1 1 0 1 1 0 0 1 0 1 0 0 0 1 0 0 1 0 0 0 
0 0 0 0 0 1 0 0 1 0 0 0 0 0 0 0 0 0 0 0 0 0 0 0 0 1 1 1 0 0 0 1 0 1 0 1 0 0 1 0 1 0 0 0 0 1 0 0 0 0 1 0 0 0 0 1 0 1 1 0 
0 1 0 1 0 0 1 1 0 0 0 1 0 1 0 0 0 0 1 1 0 0 0 1 0 0 0 0 0 0 1 0 0 0 0 1 1 0 0 0 0 0 0 1 0 0 0 0 0 0 0 0 0 1 0 1 1 1 0 1 
0 0 1 0 0 0 0 0 1 1 0 0 0 0 0 0 1 1 0 0 1 0 0 0 0 1 0 1 1 1 0 0 1 0 0 0 0 1 0 1 0 0 1 0 0 0 1 0 0 0 1 1 0 1 1 1 0 0 0 0 
0 0 1 1 0 0 0 1 0 0 0 0 1 1 1 0 0 0 0 0 0 0 0 1 1 0 0 0 0 1 1 0 1 0 1 0 0 0 1 0 0 1 0 0 0 1 0 0 0 1 0 0 0 0 1 0 0 1 0 0 
1 1 0 0 0 0 0 0 0 0 0 0 0 1 0 0 1 0 0 0 1 1 1 0 0 1 1 0 0 1 1 0 1 0 0 0 0 1 1 1 0 0 1 0 0 0 0 1 0 1 1 0 1 1 1 0 0 0 0 0 
0 1 0 1 0 0 0 1 1 0 1 0 1 0 1 0 0 0 1 1 0 1 1 1 1 1 1 1 1 0 0 0 1 0 0 0 0 0 0 1 1 0 1 0 1 0 1 0 1 0 0 0 0 0 0 0 0 0 0 0 
0 0 0 0 1 1 0 1 0 0 0 1 1 0 1 0 0 0 1 0 0 0 1 1 0 0 1 0 0 0 0 1 0 0 0 1 0 0 0 0 0 0 1 0 1 0 0 1 0 1 0 1 0 1 1 1 0 0 1 0 
0 1 0 0 1 0 1 0 1 0 0 0 0 1 0 0 0 0 1 0 0 0 0 1 1 0 1 1 0 1 0 0 0 1 0 1 1 0 1 0 0 1 1 1 1 0 0 0 0 0 1 0 0 0 0 0 0 1 0 1 
0 1 0 1 0 0 0 0 0 0 0 1 1 1 0 0 0 0 1 1 1 0 0 0 0 0 0 0 0 0 0 1 0 0 0 1 1 0 0 1 0 1 0 0 0 0 0 0 0 0 0 0 0 0 0 0 0 1 1 0 
0 1 1 0 0 1 1 0 0 1 0 1 0 0 0 0 0 0 0 1 0 0 1 0 0 0 0 1 0 0 0 0 1 0 0 0 0 0 0 0 1 1 1 1 0 0 1 0 0 1 0 0 0 0 1 1 0 1 0 0 
0 1 1 0 0 1 0 0 0 0 0 0 0 0 0 1 0 0 0 0 0 0 0 0 1 0 1 1 0 0 0 1 0 1 0 1 1 0 0 1 1 0 0 0 0 0 1 1 0 0 1 0 0 0 0 0 0 0 1 0 
1 0 0 0 0 0 0 1 0 0 1 1 0 1 0 0 1 1 1 0 0 0 0 0 0 0 1 0 1 0 1 0 1 0 1 0 1 1 0 0 1 0 1 0 1 0 1 0 0 1 0 0 0 0 0 1 1 0 1 1 
0 0 1 0 0 1 0 0 0 0 0 0 1 1 0 0 0 0 1 1 0 0 0 0 0 0 1 0 1 0 0 0 0 0 0 0 0 0 1 0 0 1 0 0 0 1 0 1 0 0 0 1 1 1 0 0 0 0 0 1 
1 0 1 0 1 1 0 0 0 0 1 1 1 1 0 0 0 0 0 0 0 1 1 0 1 0 1 0 1 0 0 0 0 1 0 1 0 0 0 0 0 1 1 0 0 0 0 0 0 0 1 0 0 1 0 1 0 1 1 0 
0 0 0 0 0 0 0 1 1 1 0 0 1 1 0 1 1 0 0 0 0 0 0 0 1 0 1 0 0 1 0 1 1 0 0 0 0 1 0 0 1 1 1 1 0 0 1 1 0 1 1 1 1 0 0 0 1 0 1 1 
1 1 1 0 0 1 0 0 1 1 1 1 0 0 1 0 0 0 1 0 1 0 1 0 1 0 0 0 0 1 0 1 1 1 1 0 0 1 0 0 0 1 0 1 0 0 0 0 0 0 0 1 0 0 1 1 1 0 0 1 
0 0 0 0 1 0 1 1 0 0 1 0 1 0 1 1 0 0 0 0 0 1 0 1 1 0 1 0 0 0 0 0 0 0 1 0 0 0 0 0 0 0 0 0 0 0 1 1 1 1 0 1 1 0 1 0 0 1 1 1 
0 1 0 0 0 1 1 1 1 0 1 0 0 0 1 0 0 0 0 0 0 0 1 1 1 1 1 0 0 1 0 0 1 0 0 0 0 0 1 0 0 0 0 0 0 1 0 1 1 0 0 1 1 0 0 1 0 0 0 1 
1 0 0 0 1 0 0 0 0 0 0 0 0 0 1 0 1 0 0 0 0 1 0 0 0 0 0 0 0 0 0 0 1 0 1 1 0 0 0 0 1 0 0 0 1 1 1 1 0 0 0 0 1 0 1 0 0 1 0 0 
0 0 0 0 0 0 0 1 0 0 0 1 0 0 1 0 1 1 0 1 0 0 0 1 1 0 0 0 0 0 1 1 1 1 0 0 1 0 0 1 0 0 0 0 0 1 0 0 1 0 0 0 1 0 1 0 0 0 0 0 
0 0 0 1 1 0 1 0 1 0 0 0 0 1 0 0 0 0 1 0 0 1 1 1 0 1 1 0 1 0 0 1 0 1 1 0 0 1 0 1 0 1 0 1 0 0 1 0 1 0 0 1 0 1 0 1 1 1 0 0 
1 0 0 1 0 1 0 1 0 0 0 0 0 1 1 0 0 1 0 0 0 0 1 0 0 0 0 0 0 0 0 0 0 1 0 0 0 0 0 0 0 1 0 0 1 0 0 0 0 0 0 0 0 0 1 0 0 1 0 0 
1 0 1 0 0 1 1 0 0 0 0 0 1 0 1 0 1 1 0 0 1 0 0 0 0 1 0 0 1 1 0 0 0 1 1 1 1 0 0 0 0 0 1 1 0 1 0 1 0 0 0 0 0 0 0 0 1 1 0 1 
0 0 1 1 0 0 0 0 1 1 1 0 0 1 1 0 0 1 0 1 1 1 1 0 0 1 1 0 0 1 0 0 1 1 1 0 0 0 1 0 0 0 0 0 1 0 0 0 0 1 0 0 0 0 1 0 0 1 0 0 
0 0 1 1 0 1 1 0 1 1 0 0 0 0 0 1 0 1 0 1 0 1 1 0 0 0 1 1 0 0 0 0 1 0 0 1 0 0 1 0 0 0 0 0 0 1 0 0 0 0 0 1 0 1 0 1 0 0 0 0 
1 0 1 1 0 0 0 0 0 0 1 0 1 0 0 0 1 0 0 0 0 1 1 0 1 1 0 0 0 0 1 1 0 0 0 0 0 0 1 0 0 0 0 0 0 1 0 0 1 0 0 1 1 0 0 0 1 1 1 1 
0 0 0 0 0 0 0 0 0 0 0 0 0 0 0 1 1 1 1 0 1 1 0 1 1 0 1 0 0 1 1 0 0 0 1 0 0 1 0 0 1 0 0 0 1 0 0 0 0 0 0 1 0 0 0 0 1 1 0 1 
1 1 0 1 0 0 0 0 0 0 0 1 0 0 0 0 0 0 1 1 0 0 0 1 1 0 1 0 0 1 0 0 1 1 0 1 0 0 0 0 0 1 0 0 1 0 0 1 0 0 0 0 0 1 0 1 1 1 1 1 
0 0 0 1 0 0 0 1 0 0 0 1 0 0 1 0 1 0 0 0 1 0 0 1 0 1 0 0 1 0 0 0 1 1 0 0 1 0 1 1 0 1 0 0 0 0 0 0 0 0 0 1 0 1 0 1 0 1 0 1 
0 0 0 0 0 0 0 1 1 1 0 0 0 0 1 0 0 0 0 1 0 0 0 0 1 0 0 0 0 0 1 0 0 0 1 1 0 1 1 0 1 1 0 1 0 0 1 1 0 0 1 0 0 0 1 0 0 0 0 0 
0 0 0 1 1 1 1 0 0 0 1 0 1 1 1 0 1 0 1 1 1 0 1 0 0 0 0 1 1 0 1 0 1 1 0 0 0 0 0 0 0 0 1 0 0 0 1 0 0 1 1 0 0 0 0 1 0 1 0 0 
0 0 1 0 0 1 1 0 0 1 0 1 0 1 1 0 0 0 1 1 0 1 1 0 0 0 1 0 0 0 1 0 0 0 1 1 0 0 0 1 0 0 1 1 0 1 0 0 0 1 0 0 1 0 1 0 0 0 0 0 
0 0 0 0 1 0 1 0 1 1 0 0 1 1 1 1 0 0 1 1 0 1 0 0 1 0 0 0 0 0 0 0 1 0 0 0 1 0 0 0 0 0 0 0 0 1 0 0 1 1 0 1 1 0 0 0 0 0 0 0 
0 0 0 0 1 0 0 1 0 0 0 0 0 0 1 0 0 0 1 1 1 0 1 0 1 1 1 0 1 0 0 1 0 0 0 0 1 1 0 1 0 0 0 0 0 0 0 0 0 1 0 1 0 0 0 0 0 0 0 0 
1 1 0 1 1 0 0 1 1 1 1 1 0 0 1 0 1 0 0 0 0 0 1 0 0 0 0 1 1 0 1 0 0 0 0 0 0 1 0 0 0 0 1 0 0 1 0 0 0 1 0 0 0 0 0 1 0 0 0 0 
1 0 1 0 0 1 0 0 0 0 0 0 0 0 0 0 0 1 0 1 0 0 0 1 0 0 0 0 0 1 1 0 0 1 0 0 0 0 0 0 0 0 1 0 0 0 0 0 0 0 0 1 1 1 0 0 1 0 1 0 
