# Number of items
90
# Stacking height
3
# Number of stacks
72
# Item name and Appearance
# (0 for I^{fix}, 1 for I^1, 2 for I^2)
   001     0
   002     0
   003     0
   004     0
   005     0
   006     0
   007     0
   008     0
   009     0
   010     0
   011     0
   012     0
   013     0
   014     0
   015     0
   016     0
   017     0
   018     0
   019     0
   020     0
   021     0
   022     0
   023     0
   024     0
   025     1
   026     1
   027     1
   028     1
   029     1
   030     1
   031     1
   032     1
   033     1
   034     1
   035     1
   036     1
   037     1
   038     1
   039     1
   040     1
   041     1
   042     1
   043     1
   044     1
   045     1
   046     1
   047     1
   048     1
   049     1
   050     1
   051     2
   052     2
   053     2
   054     2
   055     2
   056     2
   057     2
   058     2
   059     2
   060     2
   061     2
   062     2
   063     2
   064     2
   065     2
   066     2
   067     2
   068     2
   069     2
   070     2
   071     2
   072     2
   073     2
   074     2
   075     2
   076     2
   077     2
   078     2
   079     2
   080     2
   081     2
   082     2
   083     2
   084     2
   085     2
   086     2
   087     2
   088     2
   089     2
   090     2
# Positions of Ifix-items in the format (itemName, stack, level)
   001    19     1
   002     1     1
   003    11     1
   004    21     1
   005    14     1
   006     9     1
   007    23     1
   008     3     1
   009    18     1
   010     7     1
   011    13     1
   012     2     1
   013     5     1
   014    12     1
   015     4     1
   016    22     1
   017     1     2
   018    20     1
   019    10     1
   020     6     1
   021    16     1
   022    15     1
   023     8     1
   024    17     1
# Stacking matrix
# Info: number of 1-entries = 3508, density = 0.44
0 1 0 0 1 0 0 0 0 0 0 0 1 0 1 0 1 0 0 1 1 0 1 1 1 0 0 0 0 1 1 0 1 0 0 0 0 0 0 0 0 0 1 0 1 0 0 0 0 0 0 1 0 1 0 1 0 0 0 1 1 1 0 0 1 1 0 0 0 1 0 0 0 0 0 0 1 1 0 1 1 0 1 0 0 1 0 0 0 0 
0 0 1 0 1 1 1 0 0 0 1 1 1 1 0 0 0 0 0 0 0 0 0 1 0 1 1 1 0 0 1 0 0 1 1 0 1 0 0 0 0 1 0 0 1 1 1 1 0 0 0 0 1 1 0 1 1 1 0 0 1 1 0 0 0 1 1 1 1 1 1 0 0 1 0 0 1 0 1 0 0 0 0 0 1 1 0 0 0 0 
1 1 0 0 1 0 1 0 1 0 0 0 0 1 1 0 0 0 1 1 1 0 1 1 1 1 0 1 0 0 0 1 1 1 0 0 0 0 1 1 0 1 1 1 0 1 0 1 1 0 0 1 0 0 1 0 0 0 0 0 0 0 0 0 0 0 1 0 1 0 0 1 0 0 0 1 0 1 0 1 0 0 1 0 1 0 0 0 1 0 
0 0 0 0 1 0 0 0 1 1 1 0 0 1 0 1 1 1 1 0 0 0 0 0 1 0 1 0 0 0 0 1 1 1 0 1 0 0 1 0 0 0 0 0 0 0 1 1 0 0 0 1 1 0 1 0 1 1 1 0 1 0 0 1 1 1 0 1 0 1 1 1 0 0 1 1 0 1 1 0 1 0 1 0 0 1 0 1 1 0 
1 0 0 0 0 1 0 1 1 0 0 0 1 1 0 1 1 1 1 0 1 0 0 0 0 1 0 1 1 1 0 1 0 1 1 0 0 1 1 1 1 1 1 1 0 0 0 1 1 0 0 1 1 0 0 1 1 1 1 0 0 0 0 1 0 0 0 1 1 0 0 0 0 1 1 0 1 0 0 0 0 1 0 0 1 0 1 0 1 0 
0 1 0 0 0 0 0 1 1 0 1 0 0 1 1 0 0 1 0 1 0 1 1 1 1 0 0 0 0 0 0 1 0 1 0 1 0 0 1 1 0 0 0 1 0 1 0 1 1 1 1 1 0 0 1 0 0 1 1 1 1 0 1 1 1 0 0 0 1 0 0 0 0 1 1 1 0 0 1 0 1 0 0 1 0 1 1 0 0 0 
0 1 0 0 0 1 0 0 0 1 0 0 0 0 1 0 0 1 0 1 0 0 0 1 0 1 1 0 0 0 0 0 1 1 0 1 1 0 0 0 0 0 0 1 1 1 1 0 0 1 1 1 0 0 0 0 0 0 0 0 0 0 1 0 0 0 0 1 1 0 0 1 1 1 1 0 1 0 0 1 0 0 1 0 1 0 1 1 0 1 
0 0 0 0 1 1 1 0 0 0 0 0 0 1 1 0 1 0 0 0 0 1 0 0 1 0 1 0 1 0 1 0 1 1 0 0 0 0 1 0 0 0 1 0 0 1 1 1 1 1 0 0 0 0 0 0 1 0 1 0 1 0 1 0 0 1 0 0 0 0 0 1 0 0 0 0 0 1 0 1 1 0 1 1 1 0 0 0 0 0 
0 0 0 0 0 0 0 0 0 0 1 1 1 0 1 1 0 0 1 0 0 0 0 0 1 0 1 1 0 0 1 1 0 0 0 0 0 0 1 1 1 0 0 1 0 0 0 1 1 0 0 0 0 0 1 0 0 1 1 1 1 1 0 1 0 0 0 0 0 0 1 1 0 1 0 1 1 1 0 0 0 0 0 1 0 0 1 1 0 0 
1 1 0 1 1 1 0 0 0 0 0 1 0 1 0 0 1 1 0 0 1 1 0 0 0 1 0 1 1 0 0 0 0 0 0 1 1 1 0 1 0 0 0 1 0 1 1 1 0 1 1 0 1 1 0 1 1 1 0 0 0 0 0 0 1 1 1 1 0 1 0 0 0 1 1 1 1 0 0 0 1 0 0 0 1 0 0 0 0 1 
0 1 0 1 1 1 0 1 0 1 0 0 1 1 1 1 0 0 1 1 1 0 0 0 0 0 0 1 1 0 1 1 1 0 0 0 0 1 0 0 0 0 0 0 0 0 1 0 1 0 0 0 0 0 0 0 0 0 1 0 1 1 0 1 0 1 0 1 1 1 1 0 0 0 0 1 1 1 1 1 1 1 1 0 0 0 1 0 0 1 
1 1 0 1 1 0 0 0 1 1 0 0 1 1 1 1 0 1 1 0 0 1 1 0 0 0 1 0 1 0 0 1 0 1 1 0 0 0 0 1 0 0 1 0 0 1 1 1 0 1 1 0 1 0 1 1 1 1 1 1 1 0 0 1 0 1 0 0 0 1 0 1 1 0 1 1 0 0 1 1 0 1 0 1 0 0 0 0 1 0 
0 0 1 0 0 0 0 0 1 0 0 0 0 1 0 1 0 0 0 1 0 0 1 0 1 1 1 1 1 1 0 0 1 1 0 1 1 0 1 1 0 0 0 1 0 0 1 0 1 0 0 0 0 1 0 0 0 0 0 1 0 1 1 0 0 0 1 0 1 0 0 1 0 0 1 1 0 0 1 1 0 0 1 1 0 1 1 0 1 0 
0 0 1 0 1 0 0 1 0 0 1 0 1 0 0 0 0 1 0 0 0 0 1 1 1 0 1 0 1 1 0 1 1 1 1 0 0 0 1 1 1 0 0 1 1 1 1 0 1 0 1 0 0 0 0 0 0 1 1 1 0 0 0 0 0 1 1 1 0 1 0 0 0 1 0 1 1 0 0 1 0 1 0 1 1 0 0 0 1 0 
0 0 1 1 1 0 1 0 0 1 0 0 1 1 0 0 1 0 0 0 1 0 1 0 0 0 0 1 0 0 0 0 0 1 1 0 0 0 0 1 0 0 1 1 0 1 1 1 0 1 1 1 0 0 1 0 0 1 1 1 0 1 0 0 1 0 0 0 0 0 0 0 0 1 0 1 0 0 1 0 1 1 1 1 1 1 0 0 1 1 
0 0 0 1 0 0 1 0 1 1 0 0 0 1 0 0 1 0 1 1 0 1 0 0 1 0 1 0 0 0 1 0 0 0 0 0 0 1 0 1 0 1 0 1 0 0 0 1 0 0 1 1 0 1 0 1 0 0 0 0 0 0 1 0 0 1 0 1 0 0 0 0 1 0 0 1 0 0 1 1 0 0 0 1 0 0 1 0 1 0 
0 1 1 0 1 1 1 1 0 0 0 1 1 0 0 1 0 1 0 1 1 0 0 0 0 1 0 0 1 0 1 0 0 0 1 1 0 1 1 0 0 0 1 1 1 1 1 0 1 0 0 1 0 0 0 0 0 1 1 0 1 0 0 1 0 0 1 1 0 1 0 0 1 0 0 0 0 0 0 1 1 0 1 1 0 1 1 1 1 0 
0 0 0 0 1 0 1 0 0 0 0 0 1 1 1 0 1 0 1 0 0 0 0 1 1 1 0 1 0 0 1 0 0 0 0 0 0 1 0 0 0 0 1 0 0 0 0 1 0 0 0 0 1 0 0 0 0 1 0 1 0 0 0 1 0 1 1 0 0 1 0 1 0 1 0 1 1 0 0 0 0 1 1 1 0 1 1 1 0 0 
1 0 0 0 0 1 1 1 0 0 0 1 0 0 1 1 1 0 0 0 0 0 0 0 0 1 1 1 1 0 0 0 1 1 1 0 0 0 0 0 1 0 1 0 1 0 1 1 1 0 0 0 0 0 0 0 0 0 1 1 0 1 0 1 0 0 1 1 0 1 0 0 1 0 0 1 1 0 0 0 0 0 1 1 1 1 0 0 0 1 
0 0 1 0 0 0 1 0 0 0 1 0 1 0 1 0 0 1 1 0 1 0 0 0 1 1 1 1 1 1 1 1 0 0 1 1 0 0 1 0 1 1 0 1 0 1 0 0 0 0 0 0 0 1 0 1 0 1 1 0 1 1 1 0 0 1 0 0 0 0 0 0 1 0 1 0 0 0 0 0 0 0 0 1 0 1 1 1 0 1 
0 0 1 0 1 1 0 0 0 0 1 0 0 1 0 1 0 1 1 1 0 0 1 1 1 0 1 0 0 1 0 0 0 1 0 1 0 0 0 1 1 0 1 1 0 0 1 0 0 0 0 1 0 1 1 0 0 0 0 1 1 1 1 1 0 1 0 0 0 0 1 0 1 0 0 1 0 1 0 0 1 1 1 0 0 0 1 1 1 1 
0 0 0 1 0 0 1 1 0 0 0 0 0 1 0 1 1 1 0 0 1 0 1 1 0 1 0 0 1 0 0 0 0 0 1 0 0 0 0 0 1 1 1 0 0 0 0 1 0 1 0 0 0 0 1 1 0 1 0 1 1 0 1 1 0 0 1 1 1 1 0 1 0 1 0 1 0 0 0 0 1 1 1 0 1 1 0 1 1 1 
1 0 1 0 0 1 1 1 0 0 1 0 0 0 1 0 0 1 1 0 0 0 0 1 1 1 1 0 1 1 1 0 1 0 1 0 1 1 0 1 1 0 0 0 1 0 1 1 0 0 0 0 1 0 0 1 1 0 1 0 0 0 1 1 0 1 1 1 1 0 1 1 1 0 1 1 0 1 1 1 0 1 1 1 0 0 0 0 0 1 
1 1 1 0 1 1 0 1 1 1 0 1 0 0 0 1 1 1 0 1 0 0 0 0 1 1 1 0 1 1 0 1 1 1 0 1 0 1 0 1 0 0 0 1 0 0 0 0 0 1 0 0 0 1 1 0 0 0 1 0 0 1 1 1 1 1 0 0 0 0 0 1 0 0 1 0 1 1 0 0 0 0 0 1 1 1 1 0 1 0 
0 0 1 1 0 1 1 0 0 0 1 1 1 0 1 1 1 0 0 0 0 0 0 1 0 0 0 1 1 1 1 0 0 1 0 1 0 1 1 1 1 1 0 0 0 0 0 1 0 0 1 0 0 1 0 0 0 0 0 0 1 0 0 0 0 0 1 1 0 1 1 1 1 0 0 1 0 1 0 0 0 0 0 0 0 0 0 1 0 0 
0 1 1 1 0 0 0 0 0 1 0 1 1 1 0 1 0 0 0 1 1 1 1 1 1 0 0 0 0 0 0 1 1 0 0 0 1 0 0 0 1 0 1 1 1 1 0 1 0 0 1 1 1 0 0 1 0 0 0 0 0 0 1 0 0 0 0 0 0 0 0 1 1 1 0 1 0 1 0 0 0 0 1 0 0 1 0 1 1 1 
0 1 0 1 1 0 1 1 0 1 0 1 0 0 0 1 1 0 0 0 0 1 0 0 0 0 0 0 0 1 0 1 0 1 0 1 0 0 0 0 0 1 0 0 1 1 1 1 0 1 0 0 0 0 0 1 1 0 0 0 1 1 1 0 1 0 1 0 0 1 1 1 1 1 0 0 0 1 1 1 0 1 1 0 0 1 0 1 0 1 
0 0 0 1 1 1 1 1 0 0 0 0 0 1 0 0 0 0 1 0 0 1 0 1 1 0 1 0 0 1 1 0 0 0 1 0 0 1 0 0 0 1 0 0 0 1 1 1 0 0 0 0 1 0 1 0 0 1 0 1 1 1 1 0 1 0 1 1 1 0 0 1 1 0 1 0 0 1 1 1 0 1 0 1 0 0 0 1 1 1 
1 0 0 1 0 1 0 0 0 0 1 0 1 1 0 0 0 1 1 0 0 0 0 0 1 0 1 0 0 0 0 0 1 1 0 1 1 0 1 0 0 1 1 1 1 0 0 1 0 1 1 1 1 0 0 0 1 0 0 1 0 1 0 0 0 1 0 0 0 1 1 1 0 1 1 0 0 0 1 0 1 0 1 1 1 1 1 0 0 1 
0 0 0 0 0 1 1 1 1 1 0 1 0 0 0 0 0 1 0 1 1 1 1 1 1 1 1 1 0 0 0 1 1 0 0 0 1 0 1 0 0 1 0 0 0 0 0 0 1 0 0 1 0 1 0 1 1 1 0 1 1 1 1 1 0 1 1 0 1 0 0 0 1 0 1 0 0 0 0 0 1 1 1 0 0 1 1 1 1 0 
1 0 0 1 1 0 1 1 1 1 0 0 0 0 1 1 0 1 1 0 0 1 1 1 0 1 1 1 1 1 0 0 0 0 0 1 0 0 1 1 1 1 0 1 1 1 1 1 0 1 0 1 0 1 0 1 0 0 0 0 1 0 1 0 0 1 0 1 1 0 0 1 0 0 1 1 0 0 0 0 0 1 0 0 0 0 1 1 0 1 
1 1 0 0 1 0 1 0 0 0 0 0 1 1 0 1 0 1 1 1 1 1 1 1 1 0 0 1 0 0 1 0 1 1 1 0 0 0 1 0 1 0 1 0 0 1 0 1 0 0 0 1 1 1 0 0 0 0 0 1 0 0 0 0 0 1 0 0 1 0 1 1 0 1 0 0 1 1 0 0 0 0 1 1 0 0 0 1 1 0 
1 0 0 0 0 1 0 1 0 0 0 0 1 1 1 1 1 0 1 1 1 0 1 1 1 1 0 1 1 1 0 1 0 1 1 0 0 1 1 1 0 0 0 0 0 0 0 1 0 0 0 0 0 0 1 0 0 1 0 0 1 0 0 0 0 0 0 0 1 0 0 0 0 0 0 0 0 0 0 0 0 1 1 0 1 0 1 1 0 0 
1 1 0 0 1 1 0 0 1 1 1 1 0 1 0 0 1 0 1 1 1 0 1 1 1 0 1 0 0 1 1 1 1 0 0 0 1 1 1 0 0 1 0 0 1 1 1 1 1 0 0 0 1 0 0 0 1 1 1 0 0 0 0 1 1 0 0 0 0 0 1 0 1 1 1 0 1 0 0 0 1 1 0 1 0 0 0 1 1 0 
1 1 0 0 0 0 0 0 1 1 1 1 0 1 0 1 1 0 0 1 0 0 1 1 0 0 0 1 0 1 0 1 1 0 0 0 0 1 0 0 0 1 0 1 1 0 0 0 1 1 1 0 1 1 1 0 1 1 0 0 0 1 1 1 0 1 1 0 0 1 0 0 0 1 1 1 1 1 0 1 0 0 0 1 0 0 1 1 1 1 
1 0 1 1 1 0 0 0 1 1 1 0 0 1 1 0 1 0 1 0 0 1 1 1 1 0 1 0 0 0 0 0 0 0 1 0 0 0 0 0 0 0 0 0 0 0 0 1 1 0 1 0 0 0 0 1 0 0 0 1 0 0 0 1 1 1 0 0 1 1 0 1 0 1 1 0 0 0 1 1 0 0 0 0 0 0 1 1 0 0 
0 0 1 0 1 0 0 0 1 0 1 0 0 1 1 0 0 1 0 0 0 0 1 0 1 0 1 1 0 0 0 0 1 1 1 1 0 1 1 1 0 1 0 0 1 0 1 0 0 1 0 1 1 1 1 0 0 0 0 1 1 0 0 0 1 0 0 0 1 0 1 0 1 0 1 1 0 0 0 1 0 0 0 1 0 1 0 1 1 0 
0 0 0 1 1 1 1 0 0 1 1 0 0 0 0 1 0 0 1 0 1 1 1 0 1 1 1 0 1 0 0 0 0 0 1 1 0 0 1 1 0 1 1 0 0 0 1 1 0 1 1 0 0 0 0 0 1 0 1 1 0 1 1 0 0 0 1 0 0 0 1 0 0 1 0 0 0 0 0 0 1 0 0 0 0 1 0 1 0 0 
0 1 0 0 0 0 0 1 0 0 0 0 1 0 1 1 0 1 0 0 1 0 1 0 0 1 1 0 0 0 1 0 1 0 0 1 1 0 0 0 0 0 1 0 0 1 0 0 0 0 0 0 1 1 1 0 0 1 0 0 0 1 1 1 1 0 1 0 0 1 0 0 0 0 1 1 1 1 0 0 0 1 0 0 1 1 1 0 0 0 
1 1 0 0 0 1 1 1 0 0 1 1 0 1 0 0 1 1 1 1 0 1 1 1 1 0 0 1 1 1 0 1 1 1 0 0 1 0 0 0 1 0 0 1 1 0 1 0 0 0 1 1 0 0 1 0 0 1 0 0 0 1 0 0 0 1 1 1 1 1 1 0 1 1 0 1 1 1 0 1 1 0 0 1 0 1 1 0 1 0 
0 0 0 0 0 0 1 1 0 0 0 0 0 1 1 0 0 0 0 1 0 0 0 0 0 0 1 0 1 0 0 1 1 1 1 1 0 0 0 0 0 1 1 1 0 0 0 1 0 0 0 0 1 0 0 0 0 1 0 0 1 0 0 1 0 1 0 1 1 0 1 0 1 1 1 0 0 0 0 0 0 1 1 1 1 0 0 1 0 1 
1 1 0 1 1 0 1 0 1 0 1 1 1 1 0 1 0 0 1 0 0 0 0 0 1 0 0 0 1 0 0 1 0 0 1 0 0 0 1 1 0 0 0 1 1 0 1 1 1 0 1 1 1 0 1 0 1 1 0 0 0 0 0 1 0 0 1 1 1 1 0 0 1 1 0 0 1 0 0 1 0 1 1 0 0 0 0 1 0 1 
0 1 0 0 1 0 1 0 1 1 0 0 0 1 1 0 0 0 0 0 0 0 1 1 0 0 1 1 0 1 1 1 1 1 0 0 0 0 0 0 0 0 0 0 0 0 1 0 1 1 1 0 0 0 0 1 1 0 0 1 1 1 0 1 0 0 1 1 1 0 0 1 0 0 1 1 0 0 0 1 1 0 0 0 0 0 0 0 1 1 
0 1 1 0 1 1 1 1 0 0 1 0 1 0 1 1 0 0 0 0 0 0 1 1 1 0 1 0 1 1 1 1 1 0 0 1 0 0 1 1 1 0 0 0 0 0 0 0 0 0 0 0 1 0 0 0 0 1 1 0 0 0 1 0 0 1 0 1 0 1 1 1 1 1 1 0 0 0 0 0 0 0 1 0 1 0 0 1 0 0 
1 0 0 1 1 0 0 1 0 1 0 0 0 0 0 0 1 1 0 0 1 0 1 0 0 1 0 1 0 1 0 1 0 0 1 0 1 1 1 1 1 0 0 0 0 0 1 0 0 0 0 0 0 0 1 0 1 0 0 0 1 0 1 1 0 0 0 0 0 1 1 0 0 0 1 0 0 0 1 1 0 0 0 0 0 0 0 0 1 0 
1 0 1 0 1 0 1 0 0 1 0 0 0 0 0 0 0 0 1 1 1 1 1 1 0 1 0 1 0 1 1 1 0 0 1 1 0 0 0 0 0 0 1 0 1 0 1 1 1 0 1 1 0 1 1 1 1 0 1 0 0 1 0 0 1 0 1 0 1 1 0 1 0 1 0 0 1 0 0 0 0 1 1 0 0 1 0 0 0 1 
0 1 1 1 0 0 1 0 1 0 1 0 0 0 0 0 0 0 1 1 0 0 1 0 0 1 1 0 1 0 1 1 1 1 0 1 1 0 0 0 0 0 0 1 1 1 0 0 0 0 1 0 0 0 0 1 1 0 0 0 1 1 1 0 1 1 0 0 0 1 0 1 0 0 0 0 0 1 0 0 1 1 0 0 0 0 0 0 1 1 
0 1 0 0 0 0 0 0 0 1 0 1 0 0 1 1 0 0 1 0 1 0 0 0 0 0 0 1 1 0 0 0 1 0 1 0 0 1 0 0 0 0 0 1 0 0 0 0 1 0 1 1 1 0 1 0 0 0 1 1 1 0 0 0 0 1 0 0 1 1 0 1 0 0 0 0 0 0 1 0 1 0 1 1 1 0 1 0 0 1 
1 0 0 1 0 0 1 1 1 1 0 1 1 0 1 1 0 0 0 0 0 0 1 1 0 0 0 0 0 1 0 0 1 1 1 0 0 1 0 0 1 0 0 0 1 1 0 0 0 0 0 0 0 1 0 0 0 0 1 1 1 0 0 0 0 1 0 0 1 0 0 0 1 0 0 1 1 1 0 1 1 0 1 0 0 0 0 1 1 1 
0 1 1 1 1 1 1 0 1 1 0 0 1 1 0 0 1 0 0 1 1 1 0 1 1 0 0 1 0 0 1 1 1 1 0 1 0 1 1 0 0 0 1 0 1 1 1 0 1 0 0 0 1 0 0 1 0 0 0 0 1 1 0 0 0 1 1 1 0 0 1 1 0 1 0 1 0 1 1 1 0 0 0 1 0 1 0 1 1 1 
1 0 0 0 0 1 0 1 0 0 0 0 1 1 1 1 1 0 1 0 1 0 1 0 1 1 0 1 1 0 0 0 1 1 1 0 1 0 0 0 0 0 1 0 1 0 1 0 0 1 0 0 1 0 1 0 0 1 0 0 0 1 1 1 1 0 1 0 1 0 0 0 0 0 1 0 0 0 0 1 1 0 0 0 0 1 0 0 1 1 
0 0 0 0 0 1 0 0 0 1 0 1 1 1 1 0 1 1 1 1 1 0 1 1 1 0 1 1 0 0 0 0 1 0 1 1 1 0 0 0 0 0 0 0 1 0 1 0 1 0 0 0 1 1 0 0 1 1 1 1 1 1 0 0 0 0 0 0 0 1 0 0 1 1 0 0 0 0 0 0 1 0 1 1 0 0 0 1 1 0 
1 0 0 0 1 1 1 1 1 0 0 0 0 1 0 1 0 1 1 0 1 0 0 1 0 1 0 0 1 0 1 1 0 1 0 1 1 1 1 1 0 0 1 1 0 0 0 0 0 0 1 0 0 0 0 0 0 0 1 1 1 0 1 0 0 0 1 0 0 0 1 1 0 0 0 0 1 1 0 0 1 0 0 0 1 1 1 0 0 0 
0 1 1 0 0 0 1 0 0 1 1 1 1 1 1 1 0 1 0 0 0 1 0 0 0 1 0 1 1 0 0 0 1 0 0 1 1 1 0 1 0 1 1 0 0 1 0 0 0 0 1 0 0 0 1 1 0 0 0 0 0 1 1 1 0 0 0 1 1 0 1 1 1 0 1 0 1 0 0 0 1 0 1 0 1 1 1 1 0 1 
1 1 1 0 1 0 0 0 1 0 0 1 1 1 1 1 1 0 1 0 0 1 0 1 0 0 0 0 0 0 0 1 0 0 0 0 0 0 0 0 0 0 0 0 0 1 0 0 1 1 0 1 0 0 0 0 0 0 1 0 0 1 0 0 1 0 0 1 1 1 1 1 0 1 1 1 0 1 0 1 0 0 0 1 0 0 1 1 1 0 
0 0 0 0 0 0 1 0 0 0 0 1 0 0 1 0 0 0 1 0 0 1 0 0 0 0 1 0 0 0 0 0 1 0 0 0 0 1 0 0 1 0 0 0 0 0 0 0 0 0 0 0 0 0 0 0 0 0 1 0 0 0 1 0 0 0 1 0 1 1 0 1 1 0 1 1 0 0 0 1 1 1 1 1 0 1 0 1 1 1 
0 1 0 0 1 0 0 0 0 0 1 0 0 0 1 0 0 0 0 0 0 1 0 0 1 1 0 0 0 1 1 1 0 0 0 1 0 1 0 1 1 1 0 1 0 1 1 0 1 1 0 1 1 1 0 0 0 1 1 0 1 1 0 0 1 0 0 0 1 0 1 1 0 0 0 0 0 1 0 1 0 1 0 1 0 0 0 1 1 0 
1 0 1 1 0 1 0 0 1 0 1 0 1 1 0 0 1 0 0 0 0 0 0 0 0 0 0 0 1 0 1 1 0 0 1 1 0 0 0 0 0 0 0 0 0 1 0 0 0 0 1 1 1 1 0 0 0 0 0 1 1 1 1 0 0 1 1 1 0 1 0 0 0 0 0 0 0 0 1 1 1 1 0 1 1 0 1 0 0 1 
1 1 1 1 0 1 1 0 0 1 0 0 0 1 1 1 1 0 0 1 0 0 0 1 0 0 0 0 1 0 0 1 1 1 0 0 0 0 1 0 0 0 1 1 1 1 1 0 0 1 1 0 0 0 0 1 0 1 0 1 0 1 0 0 1 1 0 1 1 1 0 0 1 0 0 1 0 1 1 0 1 1 0 0 0 0 0 0 0 1 
1 0 0 1 1 0 0 1 0 0 0 0 0 1 0 1 0 0 1 0 0 1 1 0 0 1 1 1 1 1 1 1 1 0 1 1 1 0 1 0 0 0 0 0 1 1 0 0 0 0 1 1 0 1 1 1 1 0 0 0 1 0 0 1 1 1 0 0 1 0 1 0 0 1 0 1 1 1 0 1 0 0 0 0 1 0 0 0 1 0 
0 1 0 1 0 0 1 1 0 0 1 0 0 0 0 1 1 0 0 0 1 1 0 1 0 1 0 1 1 0 0 0 0 1 0 0 1 1 1 0 0 1 1 1 0 0 0 1 0 1 1 1 0 1 1 1 1 1 1 0 0 0 0 1 0 0 1 0 0 1 0 1 1 1 0 1 0 0 0 1 0 1 0 0 1 1 0 0 0 0 
0 1 0 0 0 1 1 0 1 0 1 1 1 0 0 0 1 0 0 0 1 0 0 0 1 1 0 0 0 0 0 1 1 0 0 0 1 0 1 1 1 0 0 0 0 1 1 0 1 0 1 1 0 1 0 1 0 0 1 1 1 0 0 0 1 0 0 0 0 1 0 1 0 1 1 1 0 1 1 0 1 1 0 1 0 1 1 1 1 1 
0 1 1 0 0 1 0 1 1 0 1 0 0 0 0 0 0 0 1 1 0 0 0 0 0 1 1 0 1 1 1 0 1 0 0 0 0 0 0 0 0 0 1 0 0 1 0 0 1 1 1 0 0 1 0 0 1 1 0 1 0 1 0 1 0 1 0 1 1 0 0 1 1 0 0 1 0 0 0 0 1 0 0 0 0 0 1 0 0 1 
1 1 1 1 1 0 1 1 0 1 0 0 0 1 0 0 1 1 0 1 0 1 1 1 0 0 1 0 0 0 0 0 0 1 1 1 0 0 0 1 1 0 0 0 1 1 0 1 1 1 1 1 0 0 1 0 1 1 1 0 1 0 0 0 1 1 0 0 0 0 0 0 0 1 0 0 1 0 0 0 0 1 0 0 0 0 1 0 0 1 
1 1 1 1 0 1 0 1 0 0 0 0 1 0 0 0 0 1 0 0 1 0 0 0 0 1 1 0 0 0 0 0 1 0 1 0 1 0 0 0 1 1 1 1 0 0 0 0 1 0 0 0 0 0 1 0 0 1 0 0 1 0 1 1 0 1 1 1 1 0 0 0 1 1 1 0 0 1 0 0 0 1 1 0 1 0 0 1 0 1 
1 1 0 0 0 1 0 0 1 1 1 0 0 1 0 1 1 0 0 0 1 0 1 0 1 1 1 0 1 1 1 0 0 1 0 0 1 1 1 0 1 0 0 0 1 1 0 0 0 0 1 1 1 1 1 1 0 0 0 0 0 0 0 1 1 0 1 1 1 0 0 0 0 0 0 0 1 0 0 0 0 1 1 1 1 0 0 0 0 0 
1 0 0 1 0 0 1 0 0 1 0 0 0 0 1 0 1 0 0 1 1 0 1 0 0 0 0 1 0 0 0 1 1 0 1 1 1 0 1 0 0 1 1 0 1 0 1 1 0 0 0 0 0 0 1 0 1 1 1 0 1 0 0 0 1 0 0 1 1 1 0 0 0 0 0 1 0 0 0 1 0 1 0 0 1 0 1 1 1 1 
0 1 1 0 0 1 0 0 1 1 1 1 0 1 1 1 0 0 0 1 1 0 0 1 1 0 0 1 1 1 1 1 1 0 0 0 1 0 0 1 0 1 1 1 0 1 1 0 1 0 0 0 1 0 1 1 0 0 0 0 1 1 1 1 1 0 0 0 1 1 0 0 0 0 0 0 0 0 0 1 0 1 0 1 0 1 0 0 0 0 
0 0 0 0 1 0 1 1 1 1 0 0 1 0 1 1 0 1 0 1 0 0 0 0 1 0 1 0 1 1 0 0 0 0 0 0 0 1 0 1 1 1 1 0 0 0 0 1 1 0 0 1 0 1 0 0 1 0 0 0 1 1 1 1 0 0 1 1 0 0 0 0 0 1 1 1 0 0 0 1 0 0 0 1 1 0 1 1 1 1 
1 1 0 1 0 0 1 0 1 1 0 1 0 0 1 0 1 0 1 1 1 0 0 0 0 1 1 0 0 1 0 1 0 0 0 0 0 1 0 1 0 0 1 1 1 0 1 1 0 1 0 1 0 1 0 1 1 0 0 1 0 0 0 0 0 1 0 0 1 0 0 1 1 0 0 1 1 0 0 1 0 0 1 0 0 1 0 0 0 0 
0 1 1 0 1 1 0 1 0 0 0 1 1 0 1 1 0 0 1 0 0 0 1 0 0 0 1 1 0 0 0 0 0 0 0 0 0 1 0 0 0 1 0 1 0 0 1 1 0 1 1 1 1 0 1 0 1 1 1 1 0 1 1 0 0 1 0 0 0 0 0 0 0 0 1 0 0 0 0 1 1 1 0 1 1 0 0 0 1 0 
0 1 0 1 0 0 0 0 0 0 0 0 0 0 0 1 1 1 0 0 0 0 0 0 1 0 0 0 0 1 0 0 1 1 1 0 1 1 1 1 1 0 0 0 0 1 0 0 0 0 1 1 1 0 0 1 0 1 1 0 0 1 1 0 0 0 0 1 1 0 0 0 0 1 0 0 0 1 0 1 0 1 0 1 0 1 0 0 0 1 
0 0 1 0 1 0 1 0 0 1 1 0 1 0 1 0 1 0 1 0 1 1 1 1 1 0 1 1 1 1 1 0 0 0 0 0 0 0 1 0 1 1 0 1 1 1 0 1 0 1 0 0 1 1 1 1 1 0 0 0 0 0 0 0 1 0 1 1 0 0 0 0 0 0 0 0 1 0 0 0 0 1 0 0 1 1 1 0 1 1 
0 1 1 1 1 0 0 0 1 0 0 1 0 0 0 0 1 0 0 1 1 0 0 0 1 0 0 0 0 1 1 0 0 1 0 1 0 0 1 1 1 1 1 0 0 1 0 0 0 0 0 1 1 1 1 1 1 0 1 0 1 0 0 0 0 0 0 0 0 0 1 1 1 0 0 1 0 0 0 0 1 1 0 0 0 1 0 0 1 0 
0 1 0 0 1 0 1 0 0 0 0 1 0 1 1 0 1 0 0 1 1 1 0 1 0 0 0 1 0 0 0 0 0 0 1 1 0 1 1 0 0 0 1 1 1 0 1 0 1 1 0 1 1 1 0 1 1 1 0 0 0 0 1 1 0 1 1 0 0 1 0 0 0 0 0 0 1 0 1 0 1 0 1 0 1 1 0 1 0 0 
0 0 0 0 0 1 1 1 0 1 1 1 0 0 1 1 0 0 1 1 0 0 1 1 0 0 0 0 0 1 1 1 1 1 0 0 0 0 0 1 1 0 0 0 0 1 0 1 1 0 1 0 0 1 1 1 0 1 1 1 1 0 1 0 1 1 0 0 0 0 0 0 0 0 0 0 0 1 0 0 0 0 0 0 0 0 0 1 1 0 
0 0 0 0 0 1 0 1 0 0 1 1 1 1 1 0 0 0 0 0 1 1 1 0 1 1 1 1 1 1 0 1 1 1 1 0 0 1 1 0 0 1 0 0 0 0 1 0 0 1 0 0 0 1 0 1 0 1 0 1 1 1 0 1 1 0 1 0 0 1 1 1 1 1 0 0 0 1 0 0 0 1 1 0 0 1 1 1 1 0 
0 0 0 0 1 1 0 0 0 1 1 0 1 0 0 0 0 0 1 0 0 0 0 1 0 1 0 1 1 1 0 0 0 0 1 1 1 0 0 1 1 1 0 0 0 0 1 0 1 0 0 0 1 0 1 1 1 0 1 0 0 0 1 1 1 1 1 0 1 0 1 0 0 0 1 1 0 0 0 1 0 0 0 0 1 0 1 0 1 0 
0 1 0 0 1 0 0 0 0 1 1 1 0 1 1 0 0 1 0 0 0 0 0 0 0 1 1 0 0 1 0 0 1 1 1 1 1 1 1 1 1 0 1 0 0 0 0 0 0 1 1 0 1 1 0 0 0 1 0 0 1 0 0 0 1 0 0 0 0 1 1 1 1 0 0 1 0 0 0 1 1 1 1 0 0 0 0 1 0 0 
0 1 1 1 1 1 0 0 1 1 1 0 0 0 1 1 1 1 1 0 1 0 0 0 0 0 0 0 1 0 0 0 0 1 1 1 1 0 1 0 1 0 0 0 1 1 0 0 1 0 0 0 1 0 0 1 0 1 1 1 1 0 0 0 1 0 1 0 1 1 0 1 1 0 0 1 1 1 0 0 1 0 0 0 0 0 1 1 0 0 
1 0 1 1 1 0 1 0 0 1 0 1 1 1 0 1 0 1 1 0 1 1 1 1 0 0 1 0 0 1 0 0 0 1 1 1 0 0 1 0 1 0 1 0 0 0 0 1 0 0 0 1 0 1 0 0 0 0 1 1 1 0 1 0 1 1 1 0 1 0 0 1 0 0 0 1 1 1 1 0 0 0 1 1 0 0 0 0 1 0 
0 0 1 0 0 0 0 1 1 1 0 1 0 0 1 1 1 0 1 1 0 1 0 1 1 0 0 1 0 1 1 1 1 0 1 0 1 1 0 0 1 1 0 0 0 0 1 0 1 1 1 0 0 0 0 0 1 1 0 0 1 1 1 1 0 1 0 0 0 1 1 0 1 0 0 1 0 0 0 1 0 0 0 0 1 1 1 0 1 1 
0 0 1 0 1 1 0 0 0 0 0 1 1 1 1 1 1 0 1 1 0 1 0 0 1 0 1 0 1 0 1 0 1 1 0 0 1 0 0 0 0 1 0 1 0 0 0 1 0 1 0 1 0 0 1 1 0 1 1 1 1 0 1 0 1 0 0 0 0 1 1 0 0 0 0 1 0 0 1 1 0 1 0 0 0 0 1 1 1 0 
0 1 0 0 1 0 0 1 1 0 0 1 1 1 1 1 0 0 1 1 1 0 1 0 1 0 1 0 0 1 0 1 1 1 0 1 1 1 1 0 1 0 0 0 1 0 1 1 0 1 1 1 1 0 1 1 0 1 0 1 0 0 0 0 1 1 0 1 0 1 0 0 0 0 1 0 0 1 0 1 1 0 0 0 1 1 1 0 0 1 
1 1 1 0 1 0 0 0 0 0 0 0 0 0 0 0 0 0 0 0 1 1 0 0 0 1 0 1 0 0 1 0 0 0 0 0 0 0 0 1 0 1 0 0 0 1 0 1 1 1 0 0 1 0 0 1 0 0 0 1 0 0 0 1 0 1 0 0 1 1 1 1 0 1 1 1 0 0 0 0 1 1 0 0 0 0 0 1 1 0 
1 0 0 0 1 0 0 0 0 1 1 0 0 1 1 1 1 0 1 0 1 0 1 1 1 1 1 0 1 1 0 0 1 0 0 1 0 0 0 1 0 1 0 1 1 0 1 0 0 1 0 0 0 0 1 1 0 1 1 0 0 0 0 1 0 0 1 1 1 0 0 0 1 1 0 0 1 0 1 1 0 1 0 0 0 0 1 1 0 1 
0 0 1 0 1 0 1 0 0 0 1 1 1 0 1 0 1 0 0 1 0 0 0 0 1 0 1 1 1 1 0 1 1 1 1 0 1 1 1 1 1 0 0 0 1 0 1 0 0 1 1 1 1 0 1 0 0 1 1 1 0 1 0 1 1 0 1 1 0 0 1 1 1 1 0 0 1 1 0 0 1 1 0 1 1 0 0 0 0 1 
0 1 0 0 1 0 0 0 0 0 0 0 0 1 1 0 1 1 0 0 0 1 0 0 1 1 1 0 1 0 0 0 1 1 1 0 0 0 0 1 0 0 0 1 1 1 0 0 1 1 1 1 0 0 1 1 0 1 0 1 1 0 1 0 0 1 0 1 1 0 1 1 0 0 0 1 1 1 0 0 0 1 0 0 1 1 0 0 0 1 
1 1 1 0 0 0 1 0 0 1 0 0 1 0 0 0 0 0 1 0 0 0 1 1 1 0 1 0 0 0 0 1 1 0 0 0 1 1 1 1 1 1 0 0 1 0 0 0 0 0 0 1 0 1 1 0 0 0 1 1 0 0 0 0 1 1 1 0 1 0 0 0 0 0 0 0 0 0 0 0 0 1 1 1 0 1 0 0 0 0 
0 1 1 1 1 1 0 0 0 0 1 1 1 0 1 0 0 1 0 0 0 0 0 0 1 0 0 1 1 0 1 1 1 1 0 1 0 0 0 1 0 0 1 1 1 0 0 1 1 1 0 1 1 1 0 1 1 0 0 0 0 1 1 0 1 0 1 1 0 0 1 0 1 0 1 1 1 0 1 1 0 0 0 0 0 1 1 0 0 0 
