# Number of items
60
# Stacking height
4
# Number of stacks
48
# Item name and Appearance
# (0 for I^{fix}, 1 for I^1, 2 for I^2)
   001     0
   002     0
   003     0
   004     0
   005     0
   006     0
   007     0
   008     0
   009     0
   010     0
   011     0
   012     0
   013     0
   014     0
   015     0
   016     0
   017     0
   018     0
   019     0
   020     0
   021     0
   022     0
   023     0
   024     0
   025     0
   026     0
   027     0
   028     0
   029     0
   030     0
   031     1
   032     1
   033     1
   034     1
   035     1
   036     1
   037     1
   038     1
   039     1
   040     1
   041     1
   042     1
   043     1
   044     1
   045     1
   046     1
   047     1
   048     1
   049     1
   050     1
   051     1
   052     1
   053     1
   054     1
   055     1
   056     1
   057     1
   058     1
   059     1
   060     2
# Positions of Ifix-items in the format (itemName, stack, level)
   001     8     1
   002    10     2
   003    12     1
   004     7     1
   005     9     2
   006    14     1
   007     6     2
   008     2     2
   009    13     1
   010    10     1
   011     3     2
   012    16     1
   013     5     1
   014     4     2
   015     9     1
   016    11     1
   017    15     1
   018     1     3
   019     2     1
   020     1     1
   021     1     2
   022     5     2
   023     6     1
   024     8     2
   025    19     1
   026     4     1
   027    18     1
   028     3     1
   029     7     2
   030    17     1
# Stacking matrix
# Info: number of 1-entries = 1831, density = 0.52
0 0 0 1 1 0 0 1 0 1 1 0 1 0 1 0 1 1 1 1 0 0 0 0 1 1 0 0 1 0 0 1 1 1 1 0 0 1 1 1 1 1 0 1 1 1 1 1 0 1 0 1 1 0 1 1 0 1 1 0 
0 0 0 1 1 1 0 0 1 1 0 1 1 0 1 1 1 0 0 1 1 1 1 1 0 1 1 0 0 1 1 0 0 0 1 0 1 0 1 0 0 1 1 1 1 0 0 1 0 0 1 1 0 1 1 0 0 1 1 1 
0 1 0 0 1 0 1 1 1 1 1 0 0 1 0 1 0 0 1 1 1 0 0 1 1 1 1 1 0 1 0 0 0 1 0 0 0 1 0 1 1 1 1 1 1 0 0 0 0 1 1 0 1 0 1 0 0 0 1 1 
1 1 1 0 1 1 0 1 0 0 1 0 1 1 1 1 1 0 0 1 1 0 1 1 0 1 0 1 1 1 1 0 1 1 1 0 1 1 1 0 1 1 0 0 0 0 0 1 0 1 0 1 1 0 1 1 0 1 1 0 
1 0 0 1 0 0 1 0 0 0 0 0 1 0 1 0 1 0 1 0 1 0 0 1 1 1 1 0 0 0 1 0 0 1 0 0 0 1 1 0 1 1 0 0 0 0 0 1 1 1 1 0 0 0 1 0 1 1 1 0 
0 1 0 0 1 0 1 0 1 1 0 1 0 0 0 0 0 1 0 1 1 0 1 0 0 0 1 0 0 0 0 1 1 0 1 1 1 1 1 0 0 1 0 1 1 0 1 0 1 0 0 1 1 0 1 1 0 0 0 0 
1 1 0 1 1 0 0 0 1 1 1 0 0 1 1 0 1 1 0 0 1 1 1 0 0 1 1 1 1 1 1 1 0 0 1 1 0 0 0 1 1 1 1 1 0 0 0 0 1 0 1 0 0 0 1 1 1 0 0 0 
1 1 1 0 1 0 0 0 0 1 0 1 0 1 1 1 0 0 1 1 0 1 1 1 1 0 0 1 0 1 0 1 1 1 0 0 0 0 1 1 1 1 1 1 0 1 1 1 0 0 1 0 0 1 0 1 1 1 1 0 
1 1 0 1 0 1 0 0 0 0 0 1 0 1 1 0 0 0 0 1 1 0 1 1 1 0 0 0 0 1 0 1 1 1 1 1 0 0 0 0 0 1 0 1 0 0 0 1 0 1 0 0 0 1 1 0 0 1 0 0 
1 0 0 0 0 0 0 0 0 0 1 1 0 1 1 0 0 0 0 0 1 1 0 0 1 0 0 1 1 0 1 1 0 0 1 0 1 1 1 0 1 0 1 0 0 0 0 0 1 1 1 0 0 0 1 1 1 1 1 0 
0 1 0 1 0 0 0 0 1 1 0 1 0 1 0 1 1 1 1 0 0 0 0 1 0 0 0 1 0 1 0 1 1 1 0 1 0 0 1 0 0 1 0 1 0 1 1 0 0 1 0 1 0 0 1 0 0 1 1 1 
0 0 0 0 0 0 0 0 0 0 0 0 1 1 0 1 0 1 1 1 0 0 1 1 0 1 0 0 1 1 1 1 0 1 1 1 0 1 0 0 1 1 0 1 0 0 1 0 1 1 1 1 0 0 1 0 0 0 1 0 
0 0 1 0 0 1 0 0 0 0 0 0 0 1 1 1 0 1 1 1 0 0 0 1 1 1 0 0 1 1 1 0 0 1 0 0 0 0 1 0 1 1 0 1 1 0 0 1 1 1 0 1 0 1 1 1 0 1 1 0 
0 0 0 1 0 1 1 0 1 1 0 0 0 0 1 0 1 1 0 1 0 1 0 0 0 1 0 1 0 0 0 1 0 0 1 0 0 1 1 0 0 0 0 1 0 1 0 1 1 1 1 1 1 1 0 0 0 0 1 1 
1 0 1 0 0 0 0 0 1 0 1 0 0 1 0 0 0 0 0 0 0 0 1 1 0 1 1 0 0 1 1 0 1 1 1 0 0 1 1 1 0 1 0 0 0 0 1 1 1 1 1 0 0 1 1 1 1 0 0 1 
1 1 1 1 0 0 1 0 1 0 1 0 0 1 0 0 0 1 1 1 1 0 0 1 0 0 0 0 1 1 0 0 1 1 1 0 1 0 1 0 0 1 0 1 0 0 1 0 1 1 0 1 0 0 1 1 1 1 1 0 
0 1 0 0 0 0 1 0 1 1 1 0 1 0 0 1 0 0 1 0 1 0 0 1 1 1 1 0 1 0 0 0 1 1 1 1 0 0 1 1 1 1 1 0 1 1 0 0 1 1 0 1 0 1 1 1 1 1 1 1 
0 0 0 0 0 0 1 1 0 1 1 1 1 1 1 0 0 0 1 1 1 0 0 1 0 0 1 0 1 0 1 1 0 0 0 0 0 0 1 0 1 0 1 1 0 1 0 0 1 0 1 0 1 0 1 0 1 1 0 1 
1 1 1 1 0 0 0 1 1 0 0 0 0 0 1 0 1 1 0 1 1 1 0 1 1 0 0 1 0 1 0 0 1 1 0 0 1 0 0 1 0 1 0 1 1 1 1 0 1 1 1 0 0 1 1 1 1 0 1 0 
1 0 0 0 0 1 0 1 0 1 0 0 1 0 0 1 1 1 1 0 0 1 1 0 1 0 1 0 0 1 0 0 1 1 1 1 1 1 0 1 0 0 0 1 1 0 1 1 0 1 0 1 1 0 0 0 1 0 1 1 
0 0 1 1 1 0 1 0 0 1 1 0 1 0 1 0 1 1 0 1 0 1 1 1 0 0 1 1 1 0 1 1 0 1 1 0 0 1 0 0 0 1 1 0 0 0 1 1 0 0 1 0 1 1 1 1 1 0 0 1 
1 1 1 0 1 0 0 1 0 1 1 1 1 0 1 0 1 0 0 1 0 0 0 0 1 1 0 0 0 0 1 1 1 1 1 1 1 1 0 0 0 0 1 1 1 1 0 1 1 1 1 0 0 1 1 0 0 0 1 0 
1 1 0 1 1 1 1 1 0 0 1 0 1 0 0 0 1 0 1 0 0 0 0 1 1 1 0 1 1 1 1 0 0 1 0 1 0 0 0 1 1 1 0 0 0 0 0 0 0 1 0 1 0 1 1 1 0 0 0 1 
1 1 0 1 1 0 0 1 0 0 0 1 0 1 0 1 0 1 1 0 1 1 1 0 0 0 0 0 1 0 0 0 0 1 0 1 0 1 0 1 0 1 0 0 1 0 0 0 0 0 0 1 1 0 1 0 1 0 1 1 
1 0 0 1 0 1 0 0 0 1 1 0 1 1 1 0 1 1 1 1 0 1 0 1 0 1 0 0 0 0 1 0 0 0 1 0 1 1 1 1 0 0 0 0 1 0 1 0 0 0 1 0 1 0 0 0 1 0 0 1 
1 1 0 0 0 1 1 1 1 1 1 0 0 1 0 0 0 0 0 1 0 1 0 1 1 0 0 1 0 1 0 0 1 0 0 0 0 1 1 0 1 0 0 0 1 1 0 0 0 1 1 1 1 0 1 0 1 1 1 0 
0 0 0 1 1 0 1 0 0 1 1 1 0 0 1 1 0 0 0 0 0 0 1 0 1 1 0 1 1 0 0 0 1 0 1 1 0 1 1 1 1 1 1 1 1 0 0 1 0 1 0 0 0 0 1 1 1 1 0 1 
1 0 1 0 1 0 1 1 1 1 1 1 0 1 1 1 1 0 0 0 0 1 1 1 1 0 1 0 1 1 0 0 1 0 0 1 0 0 0 0 0 0 0 0 0 1 1 1 1 1 1 1 1 1 0 1 0 0 0 1 
1 1 0 1 0 0 0 1 0 0 1 0 1 1 1 1 1 0 1 1 0 1 0 1 0 0 0 0 0 0 0 0 0 0 1 1 1 1 0 1 0 0 0 0 1 1 0 1 1 1 0 1 1 0 1 1 0 0 1 1 
1 1 1 1 1 0 0 1 1 1 1 1 0 1 1 1 0 1 1 0 1 1 1 0 0 1 0 1 1 0 0 0 1 1 0 1 1 1 1 0 1 1 1 0 0 0 0 0 1 0 0 0 0 0 1 0 0 1 0 1 
0 1 0 1 0 0 1 0 1 0 0 1 0 1 1 1 0 1 0 0 1 0 1 0 1 1 1 0 1 0 0 0 1 1 0 1 0 1 0 1 1 1 1 0 1 0 1 1 0 0 1 1 0 0 0 0 0 1 0 0 
1 1 0 0 0 1 0 1 1 0 0 0 0 0 1 0 1 0 0 0 1 1 0 1 0 0 1 0 1 0 1 0 1 0 0 0 1 0 0 1 0 0 0 0 1 1 1 1 0 1 0 1 1 0 0 0 1 0 1 1 
1 1 1 1 1 0 1 0 0 1 1 0 0 1 0 1 0 1 0 0 0 1 1 1 0 1 0 1 0 0 1 1 0 1 1 1 1 0 1 1 0 0 1 1 0 0 1 0 0 0 1 0 0 1 1 1 1 1 1 1 
0 0 0 1 1 0 1 0 1 1 0 1 0 0 0 0 1 1 0 0 0 0 0 0 0 0 1 1 1 1 1 1 0 0 0 0 1 1 0 0 0 1 1 1 0 1 0 0 1 1 1 0 1 0 0 1 1 0 1 1 
0 1 1 1 0 1 0 1 0 1 1 0 0 1 1 1 1 1 0 0 0 1 1 0 1 1 1 1 0 1 0 0 1 1 0 1 0 1 0 1 1 1 0 0 1 0 0 1 0 1 1 0 0 1 1 0 1 0 1 0 
1 0 1 0 0 1 1 1 1 0 1 0 0 1 0 1 1 1 1 0 0 1 0 0 1 0 1 0 1 1 1 0 1 1 1 0 1 1 1 0 0 1 1 1 1 0 0 1 1 1 0 0 1 1 1 0 0 1 0 0 
0 1 0 1 0 0 1 1 1 1 1 0 0 0 1 0 1 0 0 1 1 0 0 1 0 0 0 1 0 0 0 0 0 1 0 0 0 0 0 0 1 1 1 0 0 0 0 1 0 0 1 1 0 1 0 1 0 1 0 1 
1 1 0 0 0 0 1 1 0 1 1 0 0 1 0 0 1 0 0 1 0 0 0 0 0 1 1 1 1 1 0 1 1 0 1 0 1 0 0 0 1 1 0 1 1 0 1 1 0 0 1 1 0 1 0 0 1 0 0 0 
1 1 0 1 0 1 1 0 0 1 1 1 1 1 0 0 1 0 1 0 0 1 0 1 1 0 0 1 1 0 0 0 0 1 0 0 1 1 0 1 0 0 1 1 0 0 0 1 0 0 1 0 1 0 0 0 1 1 1 1 
0 1 1 1 1 1 0 0 0 0 0 1 0 1 0 0 1 0 1 0 0 0 0 1 0 0 0 1 0 1 1 1 1 1 1 1 0 1 1 0 0 1 0 0 0 0 0 1 0 0 1 1 0 1 1 0 1 0 0 0 
0 0 1 0 1 1 1 0 0 1 0 1 1 1 1 0 1 1 0 0 0 1 0 0 1 1 0 1 1 0 0 0 0 0 1 0 0 0 0 0 0 0 1 0 0 1 1 0 0 0 1 0 0 1 1 1 0 1 1 0 
1 1 1 1 1 1 0 1 1 1 1 0 0 0 1 1 0 1 1 0 1 1 1 0 1 1 1 0 1 1 0 0 0 0 1 0 0 1 1 0 1 0 0 1 1 1 0 0 0 1 1 0 0 1 1 0 0 1 0 1 
0 0 1 0 1 0 1 0 0 1 1 1 1 0 1 0 1 1 1 1 1 1 0 0 1 0 1 1 1 0 0 0 0 0 0 0 1 0 0 1 1 1 0 0 0 1 0 1 0 1 1 1 1 0 0 0 1 1 0 0 
0 0 0 0 1 0 1 1 0 1 1 0 0 1 0 0 0 0 1 1 1 1 1 1 0 1 1 0 1 1 1 1 0 0 0 1 1 0 1 1 1 1 0 0 0 0 1 0 0 0 1 0 1 1 0 1 0 1 1 0 
1 0 1 0 0 1 1 1 0 1 0 0 1 0 0 1 1 1 0 0 1 0 1 1 1 1 1 1 1 1 1 1 1 1 1 1 1 0 1 1 1 0 1 1 0 0 1 1 0 0 1 0 1 1 0 1 0 1 1 1 
0 1 0 0 0 1 1 0 1 1 0 1 0 1 0 0 0 0 0 0 1 1 1 0 1 0 0 0 1 0 1 0 1 0 1 0 1 1 0 1 0 1 1 1 0 0 1 1 1 0 1 1 1 1 0 1 0 0 0 0 
1 0 0 1 1 1 0 0 1 0 0 0 0 1 1 1 0 1 0 1 1 0 0 1 1 0 0 1 1 0 0 0 1 0 1 1 0 1 1 0 0 1 1 0 1 0 0 1 0 0 1 1 0 0 0 0 1 0 1 1 
1 0 1 1 1 1 0 1 0 1 1 1 1 1 0 1 1 0 1 1 0 1 0 0 1 0 1 0 0 0 1 1 0 0 1 0 0 1 0 1 0 1 0 0 1 0 0 0 0 0 1 1 1 1 0 1 0 1 1 1 
0 0 0 1 1 1 0 1 1 1 0 1 1 1 1 1 1 0 1 1 0 0 1 0 0 0 1 0 1 1 1 1 0 1 1 0 0 0 0 1 1 1 0 0 0 0 1 0 0 1 0 1 1 1 1 1 0 1 0 1 
0 0 1 0 0 1 0 1 0 0 0 0 0 0 1 0 1 1 1 1 1 1 1 0 0 1 1 1 0 1 0 0 0 1 1 1 1 1 1 1 1 0 1 0 0 0 0 0 1 0 1 1 0 0 1 1 0 1 0 0 
1 1 1 1 0 0 0 1 1 0 1 0 1 1 1 0 0 1 1 1 0 1 0 0 0 0 1 1 1 1 0 1 0 1 1 0 0 1 0 1 0 1 0 1 1 0 0 1 0 0 0 0 1 0 1 1 0 0 1 1 
0 1 1 0 1 0 1 0 0 1 0 0 0 1 0 0 0 0 1 1 1 1 1 1 1 1 1 1 0 1 1 1 1 1 0 1 1 1 0 1 0 0 0 0 0 0 1 0 0 0 0 0 1 0 0 0 0 0 0 0 
0 1 0 0 1 1 0 1 0 0 0 0 0 0 1 1 1 1 1 1 1 1 1 0 0 0 0 1 0 0 0 0 1 1 1 1 1 1 1 0 0 0 1 0 1 1 1 1 0 1 1 1 0 0 1 1 1 1 0 0 
1 0 1 0 0 0 0 1 1 1 0 1 1 1 0 0 0 0 0 0 1 1 1 1 1 0 0 0 0 1 0 1 0 1 0 1 0 1 0 0 1 1 0 1 1 0 0 1 0 0 0 1 1 0 1 1 1 0 1 1 
0 1 0 0 1 1 0 1 0 0 0 0 1 1 0 1 0 1 0 1 1 1 1 1 0 1 0 1 1 0 0 1 0 1 0 0 0 0 1 0 0 0 0 0 0 0 1 0 1 0 0 1 0 0 0 0 1 1 1 1 
1 0 1 0 0 0 0 1 1 1 1 0 0 1 1 1 1 0 0 0 1 1 1 1 0 0 0 0 1 1 0 0 1 1 0 1 0 1 1 1 1 0 0 0 1 1 1 1 0 1 0 0 1 1 1 0 1 1 1 1 
1 1 1 0 0 1 0 1 1 0 1 0 1 1 1 0 0 0 1 0 1 0 0 0 0 1 0 0 1 1 0 1 1 0 1 0 1 1 0 0 0 0 1 1 0 0 1 1 1 1 1 0 1 1 1 1 0 0 0 1 
0 1 0 0 1 0 1 0 0 0 1 0 1 0 1 1 0 1 1 1 1 1 0 0 1 1 0 1 1 0 0 1 0 0 0 1 0 0 0 0 1 0 0 0 1 0 0 1 1 1 0 1 1 1 1 1 0 0 1 0 
0 0 0 1 0 1 1 1 0 1 1 1 1 1 1 1 0 1 0 0 1 0 0 1 0 1 0 1 0 1 1 1 1 1 1 0 1 1 0 0 0 0 1 0 0 1 1 1 0 1 0 0 0 0 1 0 1 1 0 1 
1 0 0 1 1 1 0 1 0 0 0 0 0 0 0 1 1 0 0 1 1 1 1 1 0 0 1 1 1 0 0 0 0 1 0 1 0 0 1 1 0 0 0 1 1 1 1 1 1 0 0 1 1 0 0 0 1 0 1 0 
