# Number of items
60
# Stacking height
6
# Number of stacks
48
# Item name and Appearance
# (0 for I^{fix}, 1 for I^1, 2 for I^2)
   001     0
   002     0
   003     0
   004     0
   005     0
   006     0
   007     0
   008     0
   009     0
   010     0
   011     0
   012     0
   013     0
   014     0
   015     0
   016     0
   017     0
   018     0
   019     0
   020     0
   021     0
   022     0
   023     0
   024     0
   025     0
   026     0
   027     0
   028     0
   029     0
   030     1
   031     1
   032     1
   033     1
   034     1
   035     1
   036     1
   037     1
   038     1
   039     1
   040     1
   041     1
   042     1
   043     1
   044     1
   045     1
   046     1
   047     1
   048     1
   049     1
   050     1
   051     1
   052     1
   053     1
   054     1
   055     1
   056     1
   057     1
   058     1
   059     1
   060     2
# Positions of Ifix-items in the format (itemName, stack, level)
   001    10     1
   002     1     1
   003     2     4
   004     3     2
   005     7     1
   006     7     2
   007     4     2
   008     6     1
   009     8     1
   010     2     1
   011     1     5
   012     5     3
   013     3     3
   014     2     3
   015     2     2
   016     1     4
   017     8     2
   018     1     3
   019     6     2
   020     5     1
   021     4     3
   022    12     1
   023     4     1
   024     3     1
   025     9     1
   026     1     2
   027    11     1
   028     9     2
   029     5     2
# Stacking matrix
# Info: number of 1-entries = 1757, density = 0.50
0 0 0 1 0 1 0 1 1 1 0 0 1 0 0 0 1 0 0 0 0 0 0 0 1 1 1 1 0 0 0 0 0 0 0 1 1 0 0 1 1 0 0 0 1 0 1 1 1 0 1 1 0 1 0 1 0 1 1 1 
0 0 0 1 0 0 1 0 0 0 1 1 1 0 1 0 1 0 1 0 1 0 1 1 1 0 1 1 1 1 1 1 1 0 1 0 0 1 0 0 1 1 0 1 1 0 0 0 0 0 1 1 0 1 1 0 1 1 1 0 
1 0 0 0 1 1 1 1 1 1 0 1 1 1 0 1 1 0 1 1 0 0 1 0 0 0 0 1 0 0 1 0 1 0 1 1 0 0 1 1 0 1 0 0 1 1 1 0 0 0 0 0 0 1 0 0 0 1 1 0 
1 0 1 0 1 1 0 1 0 1 0 1 1 1 1 1 1 1 1 1 1 0 0 1 1 0 1 0 0 1 1 0 0 1 1 1 0 1 0 1 1 1 1 1 0 0 0 1 0 0 0 1 1 1 0 1 1 1 0 0 
1 0 0 1 0 1 1 0 1 0 1 1 0 0 1 0 0 1 0 1 0 1 1 1 0 0 0 0 0 0 1 0 0 1 1 0 1 1 1 1 1 0 0 0 1 0 0 1 0 1 1 0 0 0 1 1 1 0 1 1 
1 1 1 0 1 0 1 0 1 0 0 1 0 1 0 0 0 0 0 0 0 0 0 1 0 1 1 1 1 1 0 1 0 0 1 0 1 1 0 0 0 0 1 0 0 1 0 1 0 0 1 0 1 1 1 0 0 1 1 1 
0 1 0 0 1 0 0 1 1 0 1 0 1 1 1 1 1 1 0 0 1 1 1 0 1 0 1 1 1 1 1 1 0 1 1 0 0 0 1 0 0 1 0 1 0 1 0 1 0 0 0 0 0 1 0 0 0 1 1 1 
0 1 1 0 0 0 0 0 1 1 0 0 1 1 0 0 1 1 0 0 0 1 0 1 0 0 1 0 1 0 0 0 0 1 1 1 1 1 0 0 1 1 0 0 1 0 1 1 1 1 1 0 0 1 1 0 1 1 1 1 
1 1 0 0 1 1 0 0 0 1 0 0 0 1 0 1 0 1 1 0 0 1 1 0 0 1 0 1 0 1 0 1 0 0 0 1 1 0 0 1 1 1 1 0 0 1 1 0 0 1 0 1 0 0 0 0 0 1 1 0 
0 0 0 0 0 0 0 0 1 0 0 1 1 0 0 1 0 1 1 0 0 1 1 0 0 0 0 0 0 1 1 0 1 0 1 1 1 0 1 1 0 0 0 1 0 1 0 0 1 0 0 1 0 0 1 0 1 1 0 0 
1 1 1 0 1 0 1 0 1 0 0 0 1 1 0 1 1 0 0 0 0 1 1 1 0 1 1 0 0 1 1 0 0 0 0 0 1 0 0 1 1 0 1 1 0 0 1 1 1 0 0 0 0 0 0 1 1 1 1 0 
0 1 0 0 1 0 1 1 0 0 0 0 1 0 1 1 1 1 1 1 1 1 1 0 0 0 1 0 1 1 0 0 1 1 0 1 0 0 0 1 1 1 0 1 0 1 0 1 0 0 1 0 1 0 0 0 0 0 1 0 
1 1 0 1 1 0 0 1 1 0 0 1 0 1 0 1 0 1 0 1 1 1 0 1 1 1 1 1 0 1 0 0 0 0 1 1 0 0 0 0 0 1 1 1 1 0 0 1 1 1 1 1 1 0 1 0 0 1 0 0 
0 1 1 1 0 0 0 0 1 0 0 1 0 0 1 0 0 0 0 1 0 0 0 1 0 1 0 1 0 0 0 1 0 1 0 0 0 1 0 1 1 1 1 1 0 1 0 1 1 1 1 1 0 0 1 0 0 0 0 0 
0 0 1 0 0 0 0 0 0 1 0 1 0 0 0 0 0 1 0 1 1 1 1 1 1 0 1 0 1 0 1 0 1 1 1 0 1 0 1 1 0 0 1 0 0 0 1 1 1 0 0 0 1 0 1 0 1 1 1 1 
0 0 0 1 1 0 0 0 0 0 0 0 1 1 0 0 0 1 0 1 0 0 0 1 1 1 1 1 1 0 1 1 1 1 0 0 0 1 1 1 1 0 1 1 0 0 1 0 1 1 0 0 1 0 0 0 0 1 1 1 
1 0 0 0 1 1 0 0 1 1 0 1 1 0 0 0 0 1 0 0 1 0 1 0 0 1 0 0 0 1 0 1 1 1 0 0 1 0 0 1 1 0 0 0 0 1 0 1 0 0 0 1 1 1 0 1 1 0 0 1 
1 0 0 0 1 0 0 1 1 0 1 0 0 1 1 0 1 0 0 0 1 0 1 0 0 1 1 0 0 0 0 0 1 0 1 0 0 1 0 1 1 0 1 1 1 0 0 1 1 1 1 0 0 0 0 0 1 0 1 1 
0 0 0 0 1 0 1 1 0 0 0 0 1 1 1 0 1 1 0 1 0 1 1 1 1 0 1 0 0 0 0 0 1 1 0 0 0 1 1 0 1 1 1 0 1 1 0 0 1 1 1 1 0 1 1 1 1 0 1 0 
0 1 1 0 0 0 1 1 1 0 0 1 0 1 0 1 0 1 1 0 1 1 1 0 0 0 1 1 1 1 1 1 1 1 0 0 1 0 0 0 1 1 0 1 0 0 0 0 1 1 0 1 0 1 1 0 1 1 1 1 
0 0 0 1 1 0 1 0 1 1 1 0 1 1 0 0 1 0 0 1 0 1 1 0 1 1 1 0 1 1 1 0 1 0 1 0 1 1 0 1 1 1 0 0 1 0 0 0 0 0 0 0 1 1 0 0 1 0 0 0 
1 1 1 0 1 0 0 0 1 0 0 0 0 1 0 1 1 0 1 1 0 0 0 1 0 0 1 1 0 0 1 0 0 1 1 1 1 0 0 0 1 0 0 1 0 0 0 1 0 0 1 1 1 0 1 1 1 0 0 0 
0 1 1 1 0 0 0 1 1 0 1 1 1 0 1 1 1 1 0 0 1 1 0 0 1 0 1 1 1 0 1 1 0 1 1 1 0 1 0 0 0 0 0 1 1 1 0 1 0 0 0 1 1 0 0 1 1 1 1 0 
0 0 0 0 1 0 1 1 1 1 0 0 1 1 0 1 1 1 1 0 1 0 1 0 1 1 1 1 0 1 0 1 0 0 0 1 1 1 1 1 0 1 0 0 0 0 0 0 0 1 1 0 0 0 0 0 1 0 1 1 
1 1 0 1 0 0 1 0 1 0 1 0 0 1 0 0 1 0 1 0 1 1 0 1 0 0 0 1 1 1 1 1 1 0 1 1 0 0 1 0 1 1 0 0 0 0 1 0 0 1 1 1 1 0 0 1 0 0 0 0 
0 1 0 0 1 0 1 1 1 1 0 0 0 0 0 1 0 0 1 1 0 1 1 1 1 0 0 0 0 1 1 0 1 0 0 0 0 1 0 1 0 0 1 1 1 0 0 1 1 0 0 0 1 0 0 1 0 0 1 1 
1 0 1 0 0 1 0 1 1 0 1 1 1 1 1 1 0 0 1 1 1 1 0 1 0 1 0 1 0 0 0 1 0 1 0 0 0 0 0 1 0 0 0 1 0 0 1 1 1 0 1 1 0 1 1 1 1 1 1 0 
0 0 1 1 1 0 1 1 1 1 1 0 0 1 0 0 0 1 0 1 1 0 0 0 1 0 0 0 0 0 1 1 0 1 0 0 1 1 0 0 1 1 0 1 1 0 1 0 1 0 1 0 1 1 0 0 1 1 0 0 
0 1 0 1 0 0 1 1 1 1 0 0 0 0 0 1 0 0 1 1 1 0 1 0 0 1 1 0 0 0 0 1 0 0 0 1 0 0 0 1 0 1 0 0 0 0 0 0 1 0 0 0 0 0 0 1 0 1 1 0 
0 0 0 0 1 1 1 1 0 1 0 1 1 1 1 1 1 0 1 1 1 0 1 0 0 0 1 1 1 0 0 0 0 1 1 1 0 0 1 1 1 0 0 1 0 1 1 0 1 0 0 1 1 0 1 1 0 1 0 0 
0 1 1 0 0 0 0 1 1 0 0 1 1 0 0 0 0 1 0 0 1 0 1 0 0 1 1 1 0 0 0 1 0 1 1 0 1 0 1 0 0 0 1 1 1 0 1 0 1 0 0 0 1 1 0 1 0 1 1 0 
1 1 0 1 0 1 1 0 0 1 1 0 0 1 1 0 1 0 1 1 0 0 1 0 1 0 1 1 0 0 0 0 1 0 0 1 1 1 1 0 0 1 1 1 0 1 0 0 0 0 0 1 0 0 1 1 1 0 0 1 
1 0 1 0 1 1 1 1 1 0 0 0 1 1 0 1 1 1 0 1 0 1 1 1 0 1 0 0 0 1 1 0 0 0 1 1 0 0 0 1 1 1 1 1 0 0 1 1 1 0 0 0 1 1 0 0 0 1 1 0 
1 1 1 1 0 1 0 1 0 0 1 0 1 1 0 0 0 1 0 1 0 1 1 0 1 1 0 0 1 1 0 1 1 0 1 0 1 1 0 0 0 0 0 0 1 1 0 0 1 0 0 0 1 0 1 0 0 0 1 1 
1 0 1 1 1 0 0 0 0 0 0 1 0 1 1 0 1 0 0 0 1 1 0 1 1 1 0 0 0 1 0 1 0 0 0 1 1 0 1 1 1 1 1 1 1 0 0 1 0 0 1 1 0 0 0 1 1 1 1 0 
1 0 0 1 0 0 1 1 0 1 0 0 0 1 0 1 0 1 0 0 0 1 0 1 1 1 0 1 0 1 1 0 1 1 1 0 1 0 0 1 0 0 1 0 0 0 0 1 0 1 0 0 0 0 1 0 0 0 1 0 
1 0 0 1 0 1 1 0 0 0 1 0 1 0 0 1 1 0 1 0 1 0 0 0 1 1 0 1 1 0 0 0 0 1 1 0 0 1 1 0 1 0 0 1 1 0 0 0 1 0 1 0 0 0 0 0 1 0 0 1 
1 1 0 0 1 1 1 1 0 0 0 0 0 1 1 1 0 1 1 1 0 0 1 0 0 0 1 1 1 0 0 0 1 0 0 1 0 0 1 1 1 0 0 1 0 0 0 0 1 1 1 1 0 0 0 0 1 0 0 1 
1 1 0 1 1 1 1 1 0 1 1 0 0 0 1 1 1 1 1 1 1 1 0 1 0 1 0 1 0 1 1 1 0 1 0 0 0 0 0 1 1 0 0 1 1 1 1 0 0 0 1 0 1 0 0 1 1 1 1 0 
1 0 0 1 1 1 1 1 1 1 1 0 1 0 0 0 1 1 0 1 1 0 1 0 1 1 1 1 1 0 1 0 0 1 0 0 1 1 0 0 0 1 0 0 1 1 0 0 0 1 0 1 1 1 1 0 0 1 0 1 
0 1 0 0 0 0 1 0 1 0 0 0 1 0 1 1 0 0 1 0 0 0 1 0 1 1 0 1 1 0 0 0 0 0 1 1 0 0 0 1 0 0 0 0 1 1 1 0 0 0 1 1 0 1 1 0 1 1 0 0 
0 0 0 1 0 1 0 0 0 1 1 0 0 0 0 0 1 1 0 1 0 0 1 0 0 0 1 1 1 1 1 1 0 0 0 0 1 0 0 0 1 0 0 0 0 0 1 1 1 1 0 1 1 1 0 0 0 1 0 0 
1 1 0 1 1 1 1 1 0 1 0 1 1 0 0 1 1 1 0 1 0 1 0 1 0 1 0 0 0 1 0 0 0 1 0 0 0 1 1 0 0 0 0 1 0 0 1 0 1 0 0 0 1 1 1 0 0 1 0 0 
0 1 1 1 0 0 0 0 1 0 0 0 1 0 1 0 0 0 0 0 0 1 0 1 1 1 1 1 1 1 0 0 0 1 0 1 0 0 0 0 0 0 1 0 1 0 1 1 1 0 0 0 1 0 1 0 1 1 1 1 
1 0 1 1 1 1 1 0 0 1 0 0 1 0 0 1 0 0 1 1 0 0 1 1 1 0 0 1 1 0 1 1 0 0 1 0 1 1 1 1 0 1 0 0 0 0 1 1 0 0 0 0 1 0 1 0 0 1 0 1 
1 1 1 1 1 1 0 1 1 0 0 0 0 1 1 1 0 0 1 1 1 1 1 1 0 1 0 1 1 0 0 1 1 0 0 0 1 0 0 1 1 1 0 0 1 0 1 1 1 1 0 1 0 0 0 0 0 0 1 1 
1 1 0 1 0 1 0 0 0 1 1 1 0 0 1 0 0 1 0 0 0 0 0 0 1 1 1 0 0 1 0 1 0 0 0 0 0 0 0 0 0 1 0 1 1 1 0 0 0 0 1 0 1 1 0 1 0 0 1 0 
1 1 1 0 1 0 1 0 1 0 1 1 0 1 0 1 0 0 1 0 1 0 1 0 1 1 1 0 0 0 1 0 0 1 1 0 1 1 1 0 1 1 0 1 0 0 1 0 0 0 0 0 1 0 0 0 0 0 1 0 
0 1 0 1 1 1 1 0 0 0 1 0 1 1 0 0 1 1 1 0 1 1 0 1 1 1 0 1 0 0 0 0 1 0 1 0 1 0 0 1 0 1 1 0 0 0 1 0 0 0 1 0 0 1 0 0 1 0 0 0 
0 1 0 0 1 0 1 1 1 1 0 1 1 0 1 0 1 0 0 0 1 0 0 0 1 1 0 0 0 0 1 0 1 1 1 1 0 0 0 1 1 1 1 1 1 0 1 1 1 0 0 1 0 1 0 0 0 0 0 0 
0 1 0 1 0 1 0 1 0 0 0 1 1 0 0 0 0 1 0 1 0 0 0 0 1 1 1 1 0 1 0 0 0 0 0 0 1 0 0 1 0 0 0 0 0 0 0 1 0 0 0 0 1 0 1 1 0 1 0 0 
0 0 0 1 0 0 1 0 0 1 1 0 0 0 1 1 1 0 1 1 1 1 1 0 1 0 1 1 0 1 1 1 1 1 0 0 0 0 0 1 1 1 1 0 1 1 1 1 0 0 1 0 1 0 0 0 1 0 1 1 
0 1 0 1 0 0 1 1 1 0 0 1 1 1 1 1 1 1 1 1 0 0 0 1 1 0 0 0 0 1 0 0 0 0 1 1 0 1 1 0 0 0 1 0 1 0 1 1 1 1 1 0 0 0 1 1 1 1 1 1 
0 1 1 0 0 1 1 0 1 1 0 1 0 0 1 1 0 0 0 1 0 1 0 1 0 1 0 0 1 0 0 0 0 0 0 0 1 1 0 0 1 1 0 0 1 1 1 1 0 0 0 1 1 0 0 0 1 0 1 0 
0 1 1 1 1 1 1 0 1 1 0 0 0 1 0 0 1 0 1 1 0 0 1 1 0 1 0 1 0 1 1 0 1 0 1 0 1 0 1 0 0 0 0 0 0 0 1 1 0 0 1 0 1 0 0 0 1 0 0 1 
0 1 0 1 1 1 1 0 0 1 0 1 0 1 0 0 0 1 1 0 0 1 0 1 1 0 1 1 0 0 1 0 0 1 1 1 1 1 1 0 0 1 1 1 0 1 1 0 1 1 1 0 0 0 0 0 0 1 0 0 
0 1 0 1 0 1 0 1 0 0 0 1 0 1 1 0 0 0 1 1 0 1 1 0 0 0 0 1 1 1 0 0 1 0 1 0 1 0 1 0 0 0 1 1 1 1 0 0 0 0 1 0 0 1 0 0 0 1 0 1 
0 1 1 1 1 1 1 0 0 1 0 0 0 1 1 0 0 1 0 0 0 1 1 1 1 1 1 0 1 1 1 1 1 1 1 1 1 1 1 1 1 0 0 1 0 0 0 1 0 1 0 0 1 1 1 0 1 0 0 1 
0 1 0 1 1 0 1 0 1 1 0 1 1 1 1 0 1 1 1 1 1 0 0 1 1 1 1 1 0 0 1 1 0 1 1 1 0 0 1 1 1 0 0 0 1 1 1 1 1 0 1 1 0 0 0 0 1 1 0 0 
0 1 0 0 1 0 1 0 1 1 1 1 1 1 0 1 0 1 1 1 1 0 1 1 0 1 0 0 1 0 0 1 1 0 1 0 1 0 1 0 1 0 1 1 1 1 0 1 0 1 0 0 0 0 1 0 0 1 1 0 
