# Number of items
90
# Stacking height
6
# Number of stacks
72
# Item name and Appearance
# (0 for I^{fix}, 1 for I^1, 2 for I^2)
   001     0
   002     0
   003     0
   004     0
   005     0
   006     0
   007     0
   008     0
   009     0
   010     0
   011     0
   012     0
   013     0
   014     0
   015     0
   016     0
   017     0
   018     0
   019     0
   020     0
   021     0
   022     0
   023     0
   024     0
   025     0
   026     0
   027     0
   028     0
   029     0
   030     0
   031     0
   032     0
   033     0
   034     0
   035     0
   036     0
   037     0
   038     0
   039     0
   040     1
   041     1
   042     1
   043     1
   044     1
   045     1
   046     1
   047     1
   048     1
   049     1
   050     1
   051     1
   052     1
   053     1
   054     1
   055     1
   056     1
   057     1
   058     1
   059     1
   060     1
   061     1
   062     1
   063     1
   064     1
   065     1
   066     2
   067     2
   068     2
   069     2
   070     2
   071     2
   072     2
   073     2
   074     2
   075     2
   076     2
   077     2
   078     2
   079     2
   080     2
   081     2
   082     2
   083     2
   084     2
   085     2
   086     2
   087     2
   088     2
   089     2
   090     2
# Positions of Ifix-items in the format (itemName, stack, level)
   001     4     3
   002     3     4
   003    16     1
   004     2     4
   005     7     2
   006     1     5
   007     5     2
   008     4     1
   009     9     1
   010     6     3
   011     1     4
   012     4     2
   013     6     1
   014     5     4
   015    11     1
   016     2     2
   017     8     2
   018     5     1
   019    14     1
   020     2     1
   021     9     2
   022     3     3
   023    13     1
   024     3     1
   025     5     3
   026     3     2
   027     4     4
   028    12     1
   029     8     1
   030     1     3
   031     1     1
   032     6     2
   033    10     1
   034    15     1
   035     7     1
   036    10     2
   037     2     3
   038     1     2
   039    11     2
# Stacking matrix
# Info: number of 1-entries = 3013, density = 0.38
0 0 0 1 0 1 0 1 1 0 0 1 1 0 0 0 0 0 0 0 0 0 1 0 1 0 0 0 0 0 0 0 0 0 1 0 1 0 0 1 0 0 1 0 1 0 1 0 0 0 1 0 1 1 0 0 1 1 0 0 1 1 0 0 0 0 0 0 0 0 1 1 0 1 0 0 0 0 1 0 1 0 0 0 0 0 0 0 1 0 
0 0 0 0 0 0 1 1 0 0 0 0 1 1 0 0 0 0 1 0 1 1 1 0 0 1 0 0 0 0 1 0 0 0 0 0 1 0 0 1 1 1 1 0 0 1 0 0 0 0 1 0 1 0 1 1 1 0 0 0 0 1 1 0 1 0 0 1 0 1 1 1 1 0 1 1 0 0 1 0 0 1 0 0 0 0 0 1 0 0 
1 0 0 0 0 0 0 1 0 0 1 0 1 0 1 0 1 0 1 0 1 1 0 0 0 0 0 1 0 1 0 0 1 0 1 0 1 1 1 0 0 1 1 0 0 0 0 1 1 0 0 1 1 0 1 1 1 0 0 0 0 0 0 1 0 0 0 1 0 0 0 1 1 0 0 0 1 1 1 1 0 0 1 0 0 0 1 0 0 0 
0 0 1 0 0 0 0 1 1 1 0 0 0 0 0 0 1 0 0 0 0 1 1 1 0 1 0 1 1 0 0 0 0 0 0 1 1 1 0 0 0 1 0 0 1 0 1 1 1 1 1 0 0 0 0 0 0 0 0 1 1 1 0 1 0 0 0 0 0 1 1 0 0 0 1 0 0 1 0 1 1 1 0 0 1 0 0 1 1 1 
0 0 1 1 0 0 0 0 0 0 0 0 1 1 0 0 0 1 0 0 0 1 1 0 1 0 0 0 0 0 0 0 1 0 1 1 0 1 0 0 1 0 1 1 1 1 0 1 0 0 1 0 0 0 0 0 1 1 0 0 0 0 0 1 0 0 1 0 0 0 1 0 0 0 1 0 0 0 1 0 0 0 1 0 0 0 1 1 0 0 
0 1 0 1 0 0 0 0 0 0 1 1 1 1 0 0 0 0 0 0 1 0 1 0 0 1 0 0 0 1 0 1 0 0 0 0 0 0 0 0 0 0 1 1 0 0 0 0 0 0 1 0 0 1 1 0 1 0 1 1 0 0 1 1 0 0 1 0 1 1 1 1 0 0 1 0 0 0 0 0 0 1 0 0 1 0 0 1 0 1 
1 1 1 0 1 0 0 0 0 0 0 0 0 0 1 0 1 1 1 0 0 0 0 1 0 1 1 1 0 0 0 1 0 0 0 0 1 1 0 0 1 0 1 1 0 0 1 0 1 0 0 0 1 1 0 0 0 0 0 1 0 0 1 0 1 1 0 0 0 0 0 0 0 1 0 1 0 0 0 1 1 1 0 0 0 0 0 0 0 0 
0 1 0 1 1 0 0 0 0 1 0 0 1 1 0 0 0 1 1 0 1 0 0 0 0 0 0 1 0 0 1 1 1 0 1 1 1 1 0 1 1 0 0 0 1 0 0 0 1 1 0 0 1 1 0 1 1 0 0 1 0 0 1 0 0 0 0 0 1 0 1 1 0 0 0 0 1 0 0 0 0 0 1 0 0 1 1 0 0 1 
1 0 0 0 0 0 0 0 0 0 0 0 0 0 0 0 0 0 1 0 1 0 0 1 1 1 0 0 1 1 1 0 1 1 1 0 0 1 1 1 0 1 0 1 0 0 0 1 0 1 1 1 0 1 0 0 1 0 0 0 1 0 0 1 1 0 0 0 1 0 0 0 1 1 1 0 1 0 1 1 0 1 1 1 0 1 0 0 0 1 
1 1 0 0 0 0 0 0 0 0 0 0 1 0 0 1 0 1 0 0 1 0 0 1 0 0 1 1 0 0 0 1 0 0 1 1 0 0 1 0 0 1 0 0 0 0 0 0 0 1 0 0 0 0 0 1 1 1 0 1 0 0 1 0 0 1 1 0 0 0 0 1 0 0 0 0 0 0 1 0 1 1 1 1 0 0 1 0 0 0 
1 1 0 0 1 1 1 0 0 1 0 1 0 0 1 0 0 1 0 1 1 0 1 0 1 0 1 1 0 1 1 1 0 0 1 0 1 0 0 0 0 0 0 0 0 1 1 0 0 0 0 1 1 1 0 0 0 0 0 1 1 1 0 0 1 1 0 0 1 0 0 0 0 0 1 1 0 0 1 1 1 0 0 0 1 0 0 1 0 1 
0 1 1 0 0 1 0 1 0 0 0 0 0 0 0 0 0 0 1 1 1 0 0 0 0 1 0 0 1 0 0 0 1 0 0 0 0 1 1 1 1 0 1 1 0 0 1 1 1 0 0 0 0 0 0 0 1 0 0 1 0 1 1 1 0 0 1 1 0 0 0 1 1 0 0 0 1 0 0 0 1 0 0 1 1 1 0 0 0 0 
0 0 0 0 0 0 0 0 0 0 0 0 0 0 1 0 0 1 0 0 0 1 1 0 0 0 0 0 1 0 0 1 0 0 0 1 0 0 0 1 1 1 1 0 1 0 0 0 1 0 0 1 1 0 0 1 1 1 1 0 0 0 1 0 0 0 0 1 0 0 0 0 1 0 0 0 0 1 0 1 0 0 1 1 0 0 0 1 0 1 
0 1 0 1 0 1 0 0 0 0 0 1 1 0 1 1 1 0 1 1 1 0 1 1 1 1 0 1 1 0 1 1 0 0 1 1 1 1 1 0 1 0 0 1 0 1 1 0 1 0 0 1 0 0 1 1 1 1 0 0 1 0 0 0 0 1 0 1 0 0 0 0 0 0 0 1 0 0 0 1 0 1 1 0 0 0 1 1 0 1 
0 0 1 0 1 1 1 0 0 0 0 0 1 0 0 0 0 0 0 0 1 1 1 0 0 1 1 0 0 0 1 0 0 0 0 1 1 0 1 0 0 1 1 0 1 1 0 1 0 0 1 0 1 0 1 1 0 1 0 0 0 0 0 0 1 0 0 0 1 0 0 1 1 1 0 0 0 0 0 0 1 0 1 0 0 0 1 0 1 0 
0 1 1 0 1 0 1 0 1 1 0 0 0 0 0 0 0 0 0 1 1 0 0 1 1 0 1 0 0 1 1 0 1 1 1 0 1 1 1 0 0 1 0 0 1 1 0 1 0 1 1 0 0 1 0 0 0 0 0 0 1 0 0 0 0 0 0 0 1 0 0 0 1 0 0 0 0 1 0 0 0 0 0 1 0 1 0 0 0 0 
0 1 0 1 0 0 0 0 1 1 0 0 1 1 0 0 0 0 1 0 0 0 1 1 0 1 1 0 1 0 0 0 1 0 1 0 0 0 0 0 0 0 0 0 0 1 1 0 0 0 0 0 0 0 0 1 0 1 0 0 0 0 0 0 0 0 0 0 0 1 0 0 1 1 1 1 0 1 0 1 0 1 0 1 1 0 0 0 1 1 
1 1 0 0 0 1 1 0 0 0 1 0 0 0 0 1 0 0 0 1 1 0 1 1 0 1 1 0 0 0 0 1 1 1 0 0 0 1 0 0 0 0 1 0 0 1 1 0 0 0 0 0 1 0 1 0 0 0 1 1 1 1 0 0 0 0 0 1 1 0 1 1 0 0 0 1 0 0 0 0 0 1 0 1 0 0 0 1 0 0 
0 0 1 0 0 0 1 0 1 1 1 1 1 1 1 1 1 1 0 0 1 1 1 1 0 0 0 0 1 0 1 0 0 0 0 1 0 1 1 0 0 1 0 0 0 1 1 0 1 1 0 0 0 0 0 0 0 1 0 1 0 0 0 1 0 0 0 0 0 0 1 1 0 0 1 0 1 0 1 1 1 0 0 0 0 0 1 0 0 1 
0 1 0 0 1 0 1 1 0 1 1 1 0 0 1 0 0 0 0 0 0 0 1 1 0 0 1 1 0 1 0 0 0 0 0 0 0 0 0 1 1 0 0 1 1 0 0 0 0 0 1 0 0 0 0 1 0 0 1 0 1 0 0 0 1 0 1 1 1 1 0 1 0 0 0 0 0 0 0 0 1 0 0 0 0 0 0 0 1 0 
1 0 1 1 1 0 1 1 1 1 0 0 0 0 0 0 0 1 0 0 0 0 0 0 0 0 0 0 1 0 0 1 0 1 1 0 0 0 0 1 0 0 0 0 0 1 1 0 1 1 1 0 0 0 0 1 1 0 0 0 0 1 1 1 1 0 1 0 1 0 0 0 0 0 0 1 1 1 1 0 0 0 0 1 0 0 1 1 0 0 
0 0 1 0 0 0 0 1 0 0 1 1 0 0 0 0 0 0 0 0 1 0 1 1 0 1 1 0 0 0 0 1 1 1 1 1 1 0 0 1 0 0 0 0 0 1 0 0 0 1 1 0 0 0 0 0 0 1 0 0 0 0 0 0 0 0 1 1 1 1 1 0 1 0 0 0 1 0 1 0 0 0 1 0 1 0 0 0 0 1 
0 1 0 1 1 0 0 0 0 1 0 1 0 0 0 1 1 0 1 1 1 0 0 0 1 0 0 1 0 1 0 0 0 1 1 0 0 1 1 0 0 0 1 0 0 0 1 0 1 1 0 0 0 0 0 0 0 0 0 1 1 0 0 0 1 1 0 1 0 1 0 1 1 1 1 0 0 0 0 1 1 1 0 0 0 1 1 0 1 0 
0 0 1 1 0 1 0 0 0 1 0 0 0 1 0 1 0 0 0 0 0 0 1 0 0 1 0 0 1 0 0 1 0 0 0 0 0 1 1 1 0 0 0 0 0 0 0 0 0 0 0 0 0 1 0 0 0 0 0 1 0 0 0 0 0 1 1 1 0 0 0 1 0 0 0 1 1 0 0 0 1 0 0 1 0 0 1 0 1 0 
0 0 0 0 0 0 1 1 1 1 1 0 0 0 1 0 0 1 0 1 0 1 0 0 0 0 1 1 0 1 1 0 0 0 0 0 0 1 0 0 1 0 0 1 0 0 1 1 0 1 1 0 0 0 0 0 0 0 0 0 0 0 1 0 0 0 0 1 1 1 0 0 0 0 0 0 0 0 1 0 0 1 1 0 0 1 0 0 0 0 
0 0 0 0 0 1 0 0 1 0 0 0 1 0 0 0 1 0 0 1 1 1 1 1 0 0 0 0 1 0 1 0 0 0 0 0 1 0 0 1 0 1 0 0 0 0 1 0 1 0 1 0 1 1 1 1 0 0 0 0 1 1 1 0 0 0 0 1 0 0 1 0 0 0 0 1 0 0 0 1 0 0 1 0 0 0 1 1 0 0 
1 0 0 0 0 0 0 1 0 1 0 0 1 1 0 0 0 0 0 1 1 0 1 1 1 0 0 1 1 1 0 0 0 0 1 1 1 0 1 0 0 0 1 1 0 0 1 0 0 1 1 0 0 0 0 0 1 0 0 1 1 1 0 1 0 1 0 0 0 0 0 1 1 0 1 1 1 0 0 0 1 1 0 1 0 1 1 0 0 0 
1 0 0 1 1 0 0 0 0 0 0 1 0 1 0 0 0 0 0 0 1 0 0 0 0 0 0 0 1 1 0 0 0 0 1 1 0 0 1 0 0 0 0 0 0 0 0 0 1 0 0 0 0 1 0 1 0 1 1 0 0 0 0 0 0 0 0 0 1 0 0 1 1 1 0 1 1 1 0 0 0 0 0 0 1 0 0 0 0 1 
0 0 0 0 0 0 0 1 0 1 1 0 0 0 0 0 1 0 1 0 1 0 0 0 0 1 0 1 0 0 0 0 0 1 0 0 0 0 1 0 1 0 0 1 1 1 1 0 1 0 0 0 1 0 0 0 0 1 1 1 0 1 0 0 1 0 0 0 1 0 0 0 0 0 0 1 0 1 1 0 1 0 1 1 1 1 0 0 1 1 
1 0 0 1 0 1 0 1 0 1 0 0 0 1 0 0 1 0 1 0 0 1 0 1 0 1 0 0 0 0 0 0 1 0 1 1 0 1 0 0 1 0 0 0 0 1 1 1 1 1 0 1 0 1 0 1 1 1 0 1 0 0 0 0 1 1 0 0 0 0 0 0 0 0 1 1 0 0 0 0 1 1 0 0 1 1 0 0 0 0 
0 1 0 0 0 0 1 0 0 0 1 0 0 0 1 1 1 0 1 1 1 0 1 0 1 1 0 1 0 0 0 0 1 0 1 0 0 1 0 0 0 0 0 1 0 1 0 0 0 0 1 1 1 1 0 1 0 1 0 0 0 1 1 0 0 1 0 0 0 0 1 0 1 0 1 0 1 1 0 0 0 0 1 0 1 0 1 1 0 0 
0 0 0 0 0 0 1 0 1 0 1 0 1 0 1 0 1 0 1 1 1 0 1 0 0 0 1 0 1 0 0 0 0 0 0 0 0 0 1 0 0 1 0 0 1 1 1 0 0 0 0 0 0 1 1 1 0 1 1 1 0 1 0 1 0 0 0 1 0 0 0 1 1 1 1 0 0 0 1 0 1 1 1 0 1 0 0 0 0 0 
0 0 0 1 1 0 1 0 0 0 0 0 0 0 1 0 1 1 1 1 0 0 1 1 1 0 0 0 1 0 1 1 0 0 1 1 0 1 0 0 0 0 0 0 0 0 0 0 1 0 0 0 0 0 0 1 1 1 1 0 1 0 0 0 0 1 1 0 0 0 0 1 1 0 1 1 1 0 0 1 0 0 1 0 0 0 0 0 0 0 
1 0 0 0 1 1 1 0 1 0 1 1 0 0 0 0 1 1 1 0 1 0 0 0 0 1 0 0 0 0 1 1 1 0 1 0 0 0 0 1 1 1 0 0 0 0 1 0 1 1 0 0 1 0 0 0 1 0 1 0 0 1 0 0 0 0 0 0 1 0 1 0 0 1 0 0 0 1 0 0 0 1 0 0 1 0 1 0 0 0 
1 0 1 1 1 0 1 0 1 0 0 0 0 0 0 1 0 0 0 1 1 1 0 0 1 1 0 0 0 0 1 1 0 1 0 1 0 0 0 0 0 1 1 0 0 0 0 0 0 0 0 1 0 0 0 0 0 1 1 1 0 0 0 0 0 1 1 1 0 0 0 1 1 0 1 0 1 0 0 0 1 0 0 1 0 0 0 1 1 1 
0 0 0 0 1 0 0 0 1 0 0 0 0 1 1 1 1 0 1 0 1 0 0 1 0 0 1 1 1 0 1 1 1 0 0 0 0 0 1 1 0 1 1 1 1 1 0 0 0 0 0 1 0 0 1 1 1 0 0 1 0 0 0 0 0 1 0 1 1 1 1 0 0 0 0 0 1 1 1 1 0 0 0 0 0 1 0 0 0 0 
1 1 1 0 0 1 0 0 0 1 0 1 0 0 0 1 1 1 0 1 1 1 0 1 0 0 1 1 0 1 0 0 1 1 1 1 0 1 1 0 1 1 0 1 0 1 0 1 1 0 0 1 1 0 0 0 0 0 1 0 1 0 0 0 0 0 1 0 0 0 0 1 1 1 0 1 0 1 1 0 1 1 0 0 1 0 1 1 0 1 
0 0 1 0 0 0 1 1 0 1 0 0 0 1 0 0 0 1 1 0 1 0 0 0 0 1 0 0 0 0 1 0 0 0 1 0 0 0 0 0 0 0 0 0 1 1 0 1 1 1 0 0 1 1 1 0 1 0 0 0 0 1 0 0 1 1 0 0 0 0 0 0 1 0 0 0 0 0 0 1 0 0 0 0 0 0 1 0 0 0 
0 0 1 0 0 0 0 0 0 1 1 0 1 0 1 1 1 0 1 0 0 1 0 1 0 0 1 0 0 0 0 0 0 1 0 0 0 1 0 0 1 1 1 1 1 1 0 0 1 0 1 1 0 0 0 0 1 0 0 0 0 0 0 1 1 1 1 0 0 0 1 1 0 1 1 0 1 0 0 0 0 0 1 0 1 0 0 0 0 0 
1 1 1 0 1 0 0 1 0 0 0 1 0 0 0 1 0 0 1 0 0 1 0 0 0 0 0 0 0 1 1 1 0 0 0 1 1 0 0 0 1 0 0 0 1 0 0 0 1 0 1 0 0 1 0 0 0 0 0 1 0 0 0 1 1 0 0 1 0 0 0 1 0 0 0 1 1 0 0 1 0 1 1 1 1 1 1 1 1 0 
1 0 1 0 1 1 1 1 1 1 0 0 0 1 1 0 1 1 1 0 0 1 1 0 0 0 0 0 0 1 1 0 0 0 0 0 0 0 1 1 0 1 1 0 0 0 0 1 1 1 0 1 1 0 1 0 0 0 1 0 0 1 1 0 0 1 0 1 0 0 0 0 0 0 0 1 0 0 0 1 1 0 1 1 1 1 0 1 0 0 
0 1 0 0 1 0 0 1 1 0 1 0 0 1 1 0 1 0 0 0 0 0 1 1 1 0 0 1 1 1 0 0 0 0 0 1 0 0 1 0 0 0 0 1 0 0 1 0 0 0 1 0 0 0 0 1 1 0 1 0 0 0 1 0 0 0 1 0 1 1 0 0 1 0 0 1 1 0 0 0 0 1 0 0 0 0 0 0 0 0 
0 0 1 1 0 0 1 1 0 1 1 0 1 1 0 0 0 1 0 0 1 0 1 1 1 1 0 1 0 0 0 0 1 1 0 0 0 1 0 0 1 0 0 1 0 1 0 0 1 1 1 0 0 0 1 0 0 0 1 1 1 0 0 0 1 0 0 0 0 1 0 1 1 0 0 0 1 0 0 0 1 1 1 0 0 0 0 0 0 0 
0 0 0 1 1 1 0 1 0 0 0 1 1 1 0 0 1 1 0 0 1 1 0 0 0 0 1 0 1 0 0 1 0 0 0 1 1 0 0 0 1 0 1 0 1 0 1 1 1 0 1 0 1 1 1 1 1 0 0 1 1 0 1 0 0 0 0 1 0 0 1 1 0 0 1 0 0 0 1 1 1 0 1 0 0 0 0 0 0 1 
0 0 0 0 1 1 0 1 0 0 0 0 0 0 1 1 0 0 1 0 0 0 0 0 1 1 0 1 1 0 0 1 0 0 0 1 1 0 1 1 1 1 0 0 0 0 0 1 0 1 0 0 0 0 0 0 1 0 0 0 1 1 0 0 0 0 0 1 0 1 0 0 1 0 0 1 1 1 1 1 0 0 0 0 0 0 0 1 0 0 
0 1 0 1 0 0 0 0 1 1 1 0 0 0 0 1 0 0 0 1 0 0 0 0 0 0 0 0 1 1 1 1 1 0 0 1 0 0 0 0 1 1 1 0 1 0 0 0 1 1 1 1 0 1 0 0 1 1 0 0 1 0 0 1 0 0 0 0 1 0 1 0 0 0 0 0 0 1 0 1 1 0 1 1 0 0 1 0 1 1 
0 0 1 1 0 1 1 1 1 0 0 1 1 0 0 0 0 1 0 0 1 0 0 1 1 1 1 0 0 1 0 1 1 1 0 1 0 1 0 0 1 1 1 1 1 1 0 0 0 0 1 0 0 0 0 1 0 1 1 1 1 1 0 0 0 0 0 1 0 0 1 0 1 0 1 1 1 0 0 1 0 1 0 1 0 0 0 0 0 1 
0 1 1 1 1 1 1 0 0 1 0 0 1 1 1 0 0 0 1 0 1 1 0 1 0 0 1 1 0 0 1 1 0 1 0 0 0 1 0 0 0 0 0 1 1 0 1 0 1 0 0 0 0 0 0 0 0 0 0 1 0 0 1 0 0 0 0 1 0 0 0 0 0 1 0 0 0 0 0 0 0 0 1 0 0 1 1 1 1 1 
1 1 1 1 0 0 1 0 0 1 1 0 1 0 0 1 0 0 0 1 0 0 1 1 1 0 0 0 0 0 0 1 0 0 0 0 0 1 1 0 0 0 1 0 0 1 0 0 0 0 1 0 0 0 0 0 0 1 1 0 0 0 1 0 1 0 0 1 0 0 1 1 0 1 1 1 0 0 1 0 0 1 1 1 0 0 0 0 0 0 
0 0 0 0 0 0 0 0 0 0 1 1 0 0 0 1 1 0 0 1 1 0 0 0 1 0 1 1 0 1 0 0 0 1 0 1 0 0 0 1 0 1 0 0 0 0 0 1 0 0 0 1 1 1 0 0 1 0 0 0 1 1 0 0 0 0 0 1 0 0 0 1 1 1 1 1 0 1 1 1 0 0 1 0 1 1 0 0 0 0 
0 0 0 0 1 1 1 1 0 0 0 0 1 0 0 0 0 0 1 0 0 0 1 1 0 0 0 0 0 0 0 0 1 1 0 0 0 1 0 1 1 0 0 1 0 0 0 1 0 0 0 0 0 1 1 0 0 0 1 0 0 0 1 0 1 1 0 1 0 1 1 0 0 0 0 0 0 0 0 1 0 0 0 0 1 0 1 0 1 1 
0 0 1 1 1 0 0 1 0 0 0 0 0 0 0 0 0 0 1 1 0 0 0 0 1 0 0 0 1 0 1 0 0 1 0 1 1 1 0 0 1 1 0 1 1 0 1 1 0 0 0 0 1 1 0 1 1 0 1 1 0 0 0 1 0 1 1 1 1 0 1 0 0 1 0 1 0 0 0 0 0 0 0 1 0 0 0 0 0 1 
1 1 0 0 1 1 1 0 1 0 1 1 1 0 1 0 1 0 0 1 1 1 0 1 0 0 1 0 0 0 1 1 0 1 1 0 0 0 0 0 0 0 1 1 0 0 1 0 0 0 0 1 0 1 1 0 0 0 0 1 1 0 0 0 0 0 0 1 0 1 1 0 0 1 0 1 1 0 0 0 1 1 0 1 0 1 0 0 1 1 
0 0 1 0 0 1 1 0 1 0 0 1 0 1 0 1 1 0 1 0 1 0 0 1 0 1 0 0 1 1 1 0 0 0 0 0 1 0 0 0 0 1 0 1 0 0 0 0 1 1 1 0 0 0 0 0 0 0 1 1 0 0 0 0 1 0 0 1 0 0 0 0 0 1 0 0 0 1 0 0 1 1 0 1 1 0 0 0 1 0 
0 0 1 0 0 0 0 0 0 1 0 1 0 0 1 1 0 0 0 0 1 0 1 0 0 1 0 0 0 1 1 0 0 1 1 0 0 1 0 1 1 1 0 1 0 0 0 1 1 0 0 0 1 0 0 0 1 1 0 0 0 0 0 0 1 0 0 0 0 0 1 0 1 1 0 0 0 0 1 1 1 0 1 0 0 0 1 0 0 0 
0 1 1 0 1 0 1 1 0 0 0 0 1 0 0 0 0 0 0 0 0 1 0 0 0 1 0 1 1 0 1 0 0 0 0 0 0 1 0 1 0 0 1 1 0 1 0 1 0 1 0 1 0 0 0 0 0 0 0 1 1 1 0 0 1 0 1 1 0 0 0 1 0 0 0 0 0 0 0 0 1 0 1 0 0 1 0 0 1 1 
0 0 0 0 0 0 0 0 1 0 0 0 0 0 0 0 1 0 0 0 0 1 0 0 0 1 0 0 1 0 0 0 1 0 1 0 1 0 0 1 0 1 1 0 0 1 1 0 1 1 0 1 1 1 1 0 0 1 0 1 0 0 0 1 1 0 0 0 0 0 1 0 1 1 0 0 0 0 1 0 1 0 0 1 1 1 0 1 0 0 
1 1 0 0 0 1 1 0 0 0 0 1 1 0 0 0 0 0 1 1 0 0 0 0 1 0 0 1 0 1 0 0 0 1 1 0 1 0 0 0 0 0 1 0 0 0 1 1 1 0 1 0 1 1 0 1 0 0 1 0 0 0 0 0 1 0 1 0 0 1 0 0 1 1 0 0 1 0 0 0 0 1 0 1 1 0 1 0 0 0 
1 1 0 0 0 0 1 1 0 0 1 0 0 0 0 0 1 1 0 1 0 0 0 0 0 1 0 1 0 0 0 0 1 0 0 0 0 0 0 0 0 1 0 0 1 0 0 0 1 0 0 0 0 1 0 0 1 0 0 0 1 1 1 1 0 0 1 0 1 0 0 1 1 1 1 1 0 0 0 1 0 0 1 0 1 0 1 0 0 0 
0 1 0 0 0 0 0 1 0 1 0 0 0 1 1 1 1 0 1 0 1 0 1 1 0 1 0 0 0 1 1 0 0 0 1 0 1 1 1 0 1 0 0 0 0 1 1 0 1 0 0 1 1 0 1 0 1 1 0 0 0 0 0 0 0 0 1 1 0 0 0 1 1 1 1 0 0 1 0 1 0 0 0 0 0 1 1 0 1 0 
0 1 0 1 1 1 0 0 1 0 1 1 1 1 0 0 0 0 0 0 0 0 0 0 0 0 1 0 1 0 1 1 1 1 0 1 0 0 0 0 1 0 0 1 0 0 1 0 1 0 1 0 1 0 0 1 0 1 1 1 0 1 1 0 0 1 0 0 0 0 0 0 0 0 1 1 1 1 0 0 0 0 0 1 0 0 1 0 0 0 
0 0 0 0 0 1 1 0 1 1 1 1 0 0 0 0 0 1 0 0 1 1 1 1 0 0 0 0 1 1 1 0 0 1 0 0 0 0 1 1 1 1 0 0 0 1 0 1 0 1 1 1 0 0 0 0 0 1 1 1 0 0 0 0 0 1 1 1 0 0 1 1 0 0 0 1 0 0 0 0 1 0 1 1 1 0 0 1 1 0 
0 0 0 0 1 1 0 0 0 0 1 0 0 0 0 1 1 0 0 0 1 1 0 1 0 0 0 1 0 0 0 1 1 0 0 1 1 0 0 0 0 1 1 0 1 1 0 0 0 0 0 0 1 0 0 1 0 0 1 0 0 0 0 0 0 0 0 0 1 1 0 0 0 0 0 0 0 1 1 0 0 0 0 0 0 0 1 0 0 0 
0 0 0 1 0 1 0 0 0 0 0 1 0 1 1 0 1 0 0 1 1 0 1 0 1 1 0 1 0 0 0 0 0 0 0 0 1 0 0 1 1 0 0 0 0 0 1 0 0 1 1 0 1 0 0 0 0 1 1 0 0 0 1 0 1 1 0 1 0 0 1 1 0 0 0 1 0 1 1 1 0 0 0 0 1 0 0 1 1 0 
1 1 0 1 1 0 0 0 1 1 0 0 0 1 0 0 1 0 1 0 0 1 0 0 1 1 0 0 1 0 0 0 0 0 1 0 0 1 0 0 0 1 1 0 0 0 0 1 0 1 1 0 1 0 1 0 0 0 1 0 0 1 0 0 0 0 0 0 1 1 0 1 0 0 0 1 1 1 0 0 0 1 0 0 0 0 1 1 1 1 
0 0 1 0 0 0 1 1 0 0 1 1 0 1 0 0 0 0 1 0 0 0 0 0 1 0 0 0 0 0 0 1 1 1 0 1 0 0 1 0 1 1 1 1 0 1 1 1 1 1 1 0 1 0 0 0 0 0 1 1 1 0 1 0 1 0 0 0 1 1 0 1 0 0 1 1 0 0 0 0 1 0 0 1 0 1 1 0 0 1 
0 1 0 0 0 0 0 1 0 1 0 0 1 0 1 1 0 0 0 0 0 1 0 0 0 1 0 0 0 0 0 0 0 1 0 1 0 0 0 0 0 0 0 1 0 0 1 0 1 0 1 0 1 0 0 0 1 0 0 0 0 0 1 1 1 0 0 0 0 1 1 0 1 0 0 0 1 0 0 0 0 0 0 1 0 1 1 1 1 1 
0 1 1 0 0 0 0 0 1 1 1 0 1 1 1 1 0 0 1 0 0 0 1 0 0 1 1 0 1 1 1 0 0 0 0 1 0 1 1 0 0 0 0 0 0 0 0 0 0 1 1 1 0 1 0 0 0 0 0 1 1 0 0 1 0 0 0 0 1 0 1 1 0 0 1 0 0 0 1 1 1 0 1 1 1 1 1 0 1 1 
0 0 0 0 0 0 0 0 0 0 1 1 1 0 0 1 1 0 1 1 0 0 1 0 1 0 0 0 1 0 0 1 0 0 0 0 1 0 0 0 0 0 1 1 1 0 1 0 0 0 0 1 0 0 1 0 0 0 0 1 0 0 1 1 0 1 1 1 0 0 0 1 1 1 0 0 0 0 1 1 1 0 0 1 0 1 0 0 0 0 
0 0 0 0 1 1 1 0 0 1 0 0 0 0 0 0 0 0 0 0 0 0 1 1 0 1 0 0 0 0 0 0 1 1 0 1 0 1 1 0 0 0 1 0 1 0 0 0 0 1 0 1 0 1 0 1 0 1 1 0 0 1 1 0 1 0 0 0 1 0 0 1 0 0 1 0 0 1 0 0 0 1 0 0 0 1 0 0 1 0 
1 0 0 1 1 0 1 0 0 1 0 0 0 0 0 0 0 0 0 0 0 0 1 0 1 0 1 1 0 0 0 1 0 0 1 0 0 0 0 0 1 1 0 0 0 0 0 0 0 1 0 0 0 1 0 0 1 0 0 0 0 1 1 1 0 1 0 0 1 0 0 0 1 1 0 1 1 1 0 1 0 1 0 0 0 0 0 0 0 1 
1 0 1 1 0 1 1 0 1 1 0 0 0 0 1 0 0 0 1 1 0 0 0 1 1 0 0 0 0 1 1 1 1 0 0 1 1 1 0 0 0 0 0 0 0 1 0 1 0 0 0 0 0 0 0 0 0 1 1 0 0 0 0 0 0 1 1 1 0 0 1 0 1 1 0 1 1 0 0 1 0 0 0 0 1 0 0 0 0 0 
0 0 1 0 0 0 0 0 0 1 0 1 0 0 1 1 1 0 1 0 0 0 1 0 0 1 0 0 0 0 1 0 1 0 0 0 0 0 1 1 1 0 1 1 1 0 1 0 0 0 0 0 1 0 1 0 1 0 1 0 0 0 1 1 0 0 0 0 0 1 1 0 0 0 0 0 1 1 1 0 0 0 1 0 0 0 0 0 0 0 
0 1 1 1 0 0 1 0 1 0 1 0 0 0 0 0 1 0 1 0 0 1 0 0 0 1 0 0 0 0 1 0 1 1 1 1 0 0 0 0 1 0 0 1 0 0 0 0 1 0 0 0 0 0 0 0 1 1 0 0 1 0 0 1 0 1 0 1 0 1 1 0 0 0 0 0 0 0 0 0 1 1 1 0 1 1 1 0 1 1 
0 0 0 0 0 0 1 0 1 1 0 1 0 0 1 1 0 0 1 0 0 0 0 1 1 1 1 0 1 1 1 0 0 1 1 0 0 0 1 0 0 1 1 0 0 0 0 1 0 1 0 1 0 1 1 1 0 0 0 1 0 0 1 1 0 0 0 0 1 1 0 0 0 1 0 0 0 0 1 1 1 1 0 1 0 0 0 0 1 1 
0 1 0 0 0 0 1 0 0 1 1 0 1 0 0 0 0 0 0 0 0 1 0 1 0 0 0 0 1 1 0 0 0 0 0 1 0 1 0 0 0 1 0 1 1 0 0 0 0 0 1 0 0 1 0 1 0 1 0 1 1 1 1 1 1 0 1 1 0 1 0 0 0 0 1 0 1 0 1 0 0 1 0 0 0 0 0 0 1 1 
0 1 1 1 0 1 0 0 1 0 0 1 0 1 1 1 0 0 1 0 1 0 0 1 0 0 0 1 0 0 0 1 1 0 1 1 1 1 1 0 0 0 0 0 0 0 1 1 0 1 0 1 0 1 0 0 1 1 0 1 0 1 1 0 1 1 1 1 0 1 0 0 0 1 0 1 0 1 0 1 1 0 1 0 0 0 0 1 0 0 
1 1 0 0 1 0 0 0 0 0 0 1 0 0 0 0 0 1 1 0 0 1 0 0 0 0 0 0 1 0 1 1 1 0 1 1 1 1 1 0 1 1 0 1 1 1 0 0 0 0 0 0 0 1 1 0 1 0 0 1 0 1 1 0 1 1 1 0 0 0 0 1 1 1 0 0 0 0 0 0 0 0 0 1 0 0 1 1 0 1 
0 1 0 1 1 0 1 1 1 1 1 1 0 0 0 0 0 1 0 1 1 1 1 0 1 1 0 1 0 0 0 1 0 0 0 0 0 0 0 0 1 0 0 0 1 1 0 0 1 0 0 0 0 0 0 1 1 0 1 0 0 0 0 1 0 1 0 0 1 1 0 1 0 1 0 1 0 0 0 1 0 0 0 0 1 0 1 0 1 1 
0 1 1 0 0 0 1 0 0 1 0 1 0 1 1 0 1 0 0 0 0 0 0 1 0 1 1 0 0 1 0 0 1 0 0 1 1 1 0 0 0 1 0 0 1 0 1 1 1 1 0 0 0 0 0 0 1 1 0 0 1 1 0 0 0 0 0 0 0 0 0 0 0 1 0 0 0 1 0 0 1 0 0 1 1 0 0 0 1 0 
1 0 1 1 1 0 0 0 0 0 0 1 0 1 0 0 0 1 1 0 0 0 1 1 0 0 0 0 1 1 1 0 1 0 0 0 1 0 0 1 1 1 0 0 0 1 0 0 0 1 0 0 0 0 0 0 0 0 1 1 1 0 1 0 0 0 1 0 0 0 1 0 0 0 1 0 1 0 1 1 0 0 0 0 0 1 0 1 1 1 
0 0 1 0 1 0 0 0 0 1 0 0 1 0 0 0 0 1 1 1 0 0 0 0 1 0 0 0 0 0 1 0 0 0 1 0 0 0 1 0 0 1 1 0 0 0 1 1 1 0 0 0 1 0 1 0 0 1 1 0 0 0 0 0 1 0 0 1 0 0 0 0 0 1 0 0 1 1 1 0 1 0 1 1 0 0 1 0 0 0 
1 1 0 0 0 0 0 0 0 1 0 0 0 0 0 1 1 0 1 1 0 0 0 1 0 1 1 0 1 1 0 0 1 0 0 0 1 0 0 0 0 1 0 0 1 0 1 0 0 1 0 0 0 1 0 0 0 0 1 0 0 0 1 0 1 0 0 1 0 1 0 0 1 1 0 0 0 1 1 1 0 0 0 1 1 1 0 0 0 1 
1 0 1 0 1 0 1 0 0 0 1 1 0 1 0 0 1 0 0 1 0 0 0 0 0 1 0 0 0 0 0 0 0 0 0 1 0 0 0 0 1 0 0 0 0 0 0 1 0 0 1 1 1 0 0 1 0 0 0 0 0 1 0 1 1 0 0 0 1 0 0 1 1 0 0 1 0 0 0 0 1 1 0 0 0 0 0 1 1 0 
0 0 1 1 0 1 0 1 0 0 0 0 0 0 0 1 0 0 0 1 0 1 0 0 0 1 0 0 1 0 1 0 0 1 1 0 0 1 0 1 0 0 0 0 1 1 0 0 0 0 1 0 1 1 0 0 1 1 0 0 1 0 0 0 1 1 1 1 0 0 0 0 0 0 1 0 0 1 1 0 0 0 1 0 0 1 0 1 0 1 
0 1 1 0 1 0 1 1 1 0 0 0 1 0 1 0 1 0 0 1 1 0 1 0 0 1 0 0 0 1 0 1 1 1 0 0 1 0 1 0 0 0 0 0 0 1 0 0 0 0 0 0 0 1 0 0 0 0 0 0 1 0 0 1 1 0 1 0 1 0 1 0 1 0 1 1 0 0 0 0 0 0 0 0 1 0 0 0 0 0 
0 0 1 0 0 0 1 0 0 1 0 1 1 0 0 0 1 0 0 0 0 1 0 0 1 1 1 0 0 0 0 0 0 0 0 0 1 1 1 0 1 0 0 1 1 0 1 1 1 0 0 1 0 1 1 0 0 1 0 1 0 0 0 1 1 0 0 1 0 1 1 1 1 0 0 0 0 1 0 0 1 0 1 1 0 1 0 0 1 0 
1 0 1 1 0 1 0 0 0 1 1 0 1 1 0 1 0 0 1 1 0 0 0 0 1 0 0 0 0 0 1 1 0 1 0 0 0 0 0 0 0 0 1 1 1 0 0 0 0 1 1 0 1 1 1 1 0 1 0 1 0 0 1 0 0 1 0 0 0 0 0 0 0 1 0 1 1 0 1 1 0 0 0 0 0 1 0 0 0 0 
1 0 0 0 0 1 1 0 0 0 0 0 0 0 0 0 0 1 0 0 1 0 0 0 0 1 1 0 1 0 1 0 0 0 1 1 0 0 0 0 1 1 0 0 1 1 0 0 0 0 1 0 0 1 0 0 0 1 0 1 0 1 0 0 0 1 0 0 1 0 0 0 0 1 1 0 1 0 0 1 0 1 0 1 0 0 1 1 0 0 
0 1 0 0 0 0 1 0 1 0 0 0 1 0 0 0 0 1 0 0 0 1 0 0 0 0 0 1 0 1 0 0 1 0 0 0 0 1 0 0 0 0 0 0 0 0 0 1 0 1 0 0 0 1 0 1 1 0 0 1 0 1 1 0 1 1 0 0 0 0 1 0 0 0 0 1 0 0 0 0 0 0 0 0 0 0 0 0 1 0 
