# Number of items
90
# Stacking height
3
# Number of stacks
72
# Item name and Appearance
# (0 for I^{fix}, 1 for I^1, 2 for I^2)
   001     0
   002     0
   003     0
   004     0
   005     0
   006     0
   007     0
   008     0
   009     0
   010     0
   011     0
   012     0
   013     0
   014     0
   015     0
   016     0
   017     0
   018     0
   019     0
   020     0
   021     0
   022     0
   023     0
   024     0
   025     0
   026     0
   027     0
   028     0
   029     0
   030     0
   031     0
   032     0
   033     0
   034     0
   035     0
   036     0
   037     0
   038     0
   039     0
   040     0
   041     0
   042     0
   043     0
   044     0
   045     0
   046     1
   047     1
   048     1
   049     1
   050     1
   051     1
   052     1
   053     1
   054     1
   055     1
   056     1
   057     1
   058     1
   059     1
   060     1
   061     1
   062     1
   063     1
   064     1
   065     1
   066     1
   067     1
   068     2
   069     2
   070     2
   071     2
   072     2
   073     2
   074     2
   075     2
   076     2
   077     2
   078     2
   079     2
   080     2
   081     2
   082     2
   083     2
   084     2
   085     2
   086     2
   087     2
   088     2
   089     2
   090     2
# Positions of Ifix-items in the format (itemName, stack, level)
   001    12     1
   002    43     1
   003    17     1
   004     2     1
   005     9     1
   006    36     1
   007    28     1
   008     1     1
   009     4     1
   010    24     1
   011    27     1
   012    30     1
   013    14     1
   014     1     2
   015    18     1
   016    13     1
   017    41     1
   018     5     1
   019    19     1
   020    37     1
   021    11     1
   022    39     1
   023    10     1
   024    31     1
   025    23     1
   026     6     1
   027    32     1
   028    25     1
   029    34     1
   030    44     1
   031    21     1
   032    35     1
   033     8     1
   034    15     1
   035    40     1
   036    22     1
   037    33     1
   038    20     1
   039    26     1
   040    42     1
   041     3     1
   042    16     1
   043    38     1
   044     7     1
   045    29     1
# Stacking matrix
# Info: number of 1-entries = 3504, density = 0.44
0 1 1 0 1 0 0 0 0 0 0 0 1 0 1 1 0 0 0 0 0 0 0 1 1 0 0 0 0 1 0 1 1 1 0 1 1 1 0 1 0 1 1 0 1 1 1 0 1 0 1 0 0 0 0 1 1 0 1 0 0 0 0 1 0 0 1 0 0 1 0 1 0 0 0 0 1 0 1 0 0 0 1 1 1 0 1 0 0 0 
0 0 1 1 1 1 0 1 0 0 1 1 1 1 0 0 0 0 0 0 1 0 1 1 1 0 0 0 0 1 1 1 0 0 0 1 0 0 0 0 0 1 0 0 0 0 1 0 1 1 1 0 0 0 0 0 0 0 0 1 0 0 1 0 1 0 1 1 1 0 0 1 0 0 0 0 1 1 0 0 1 1 0 1 1 1 0 1 1 0 
0 1 0 0 0 1 1 1 0 0 0 1 0 1 1 0 1 0 0 0 1 1 1 0 1 0 0 1 0 0 0 0 1 0 1 0 0 0 0 1 1 1 1 1 0 0 0 0 0 0 0 1 1 1 0 0 0 0 1 0 1 0 0 1 1 0 1 0 0 1 0 0 1 1 0 0 0 0 1 0 0 0 1 1 1 0 1 1 1 0 
0 0 0 0 0 1 0 0 0 0 0 0 1 0 1 1 0 1 0 0 1 0 1 1 0 0 0 1 0 0 1 1 0 1 0 0 1 0 0 0 1 1 0 0 0 0 0 1 1 0 0 0 0 1 0 1 0 1 1 0 0 1 0 0 0 0 0 1 1 1 1 1 1 0 0 0 1 0 0 0 0 1 1 0 0 1 0 0 0 0 
0 0 1 0 0 0 0 1 1 0 0 0 0 1 0 1 0 1 0 1 1 0 1 0 0 0 0 1 0 1 0 0 0 0 0 0 0 1 0 0 0 1 1 0 0 1 1 0 0 0 1 0 0 0 0 0 1 0 1 1 0 0 1 0 0 1 0 0 1 0 1 1 1 0 0 0 1 1 0 1 1 0 1 0 0 0 0 0 0 0 
1 1 1 1 1 0 0 0 0 0 1 0 1 0 1 1 1 1 1 0 0 0 1 1 0 0 0 0 0 1 0 1 0 0 0 1 0 0 1 0 0 1 0 1 0 0 0 0 1 0 0 0 1 0 1 1 1 0 0 1 0 0 1 0 0 0 0 1 1 0 1 1 0 0 1 0 0 0 0 0 0 1 1 0 0 0 1 0 1 0 
0 0 1 0 0 0 0 1 0 0 0 1 0 0 1 0 0 1 1 1 0 0 0 0 0 1 0 0 0 1 0 0 0 1 0 0 1 0 0 0 1 1 1 1 1 0 0 1 0 0 0 0 0 1 0 1 0 0 1 1 0 1 0 1 0 1 0 0 0 1 1 0 1 1 1 0 0 1 1 0 1 1 0 0 0 1 1 0 0 0 
1 0 1 0 1 1 0 0 1 1 0 1 1 1 0 0 1 0 1 0 0 1 0 1 1 1 1 0 1 0 0 0 0 1 1 0 0 0 1 0 0 0 1 1 1 0 0 0 0 0 0 1 0 0 1 0 0 0 1 0 1 1 1 0 1 0 0 0 1 0 0 1 0 0 1 0 0 0 1 1 0 0 0 0 1 1 0 1 1 0 
0 1 0 0 0 0 1 1 0 0 1 1 0 0 1 0 0 1 0 1 0 0 0 0 1 0 0 1 1 1 0 0 1 1 1 1 0 0 0 1 0 0 1 0 1 1 1 1 1 0 0 0 1 1 0 1 0 0 1 1 0 1 0 1 1 0 1 1 1 1 0 0 0 0 1 0 0 0 1 0 0 0 1 0 0 0 0 0 1 1 
0 1 0 0 1 1 1 0 1 0 1 0 1 0 1 1 1 0 1 0 1 0 0 1 0 1 1 0 1 0 0 1 0 1 0 0 0 0 0 1 1 0 0 1 0 0 1 1 1 1 0 0 1 0 0 0 0 1 1 1 0 0 1 1 0 0 1 1 1 1 0 0 1 0 0 1 0 0 1 1 0 0 1 1 0 0 1 0 1 1 
0 1 0 0 1 1 0 1 1 0 0 0 1 1 0 1 0 0 0 0 1 0 0 0 1 1 1 0 0 0 0 0 0 0 0 0 1 1 0 0 1 1 1 1 0 0 1 1 0 1 0 1 0 0 0 0 0 0 0 0 1 0 1 0 1 0 0 0 0 0 0 0 0 1 0 1 0 1 0 1 0 1 0 0 1 1 0 0 0 1 
1 0 1 0 0 1 0 1 1 0 0 0 1 0 1 1 1 0 1 0 0 0 1 0 1 1 0 1 0 1 0 1 1 0 0 0 0 0 0 0 0 0 0 0 0 0 1 0 1 1 1 1 0 1 1 0 1 0 0 0 1 0 1 0 0 0 0 1 0 0 0 0 0 1 0 0 0 0 0 1 0 0 0 1 0 0 1 1 1 0 
0 1 0 1 0 1 1 0 1 0 1 1 0 1 0 1 1 1 0 0 0 0 0 1 0 0 1 1 0 1 0 1 1 0 1 0 0 0 0 0 1 1 0 1 0 0 1 0 1 0 1 1 0 1 0 1 0 1 1 1 1 0 0 0 0 1 0 0 1 1 0 1 1 0 1 1 1 0 1 0 0 1 0 1 0 0 0 1 0 1 
0 0 0 0 1 0 0 1 1 0 0 0 0 0 0 0 0 1 1 1 0 1 0 0 1 1 1 1 1 0 0 1 1 0 0 0 1 1 1 0 1 0 0 0 0 0 0 0 0 0 0 1 1 1 1 0 0 1 1 0 1 1 1 1 0 1 0 0 1 0 1 0 0 1 1 0 0 1 0 0 0 0 1 1 1 0 1 0 1 0 
1 0 1 0 0 1 0 1 1 0 1 1 1 1 0 0 0 1 0 0 1 1 0 1 0 0 1 0 1 0 1 0 0 1 1 0 1 1 0 0 0 1 0 0 0 1 1 0 1 1 0 1 1 1 0 0 0 0 1 1 0 0 0 1 0 0 1 0 0 0 0 1 1 1 1 0 0 0 1 1 0 0 0 1 1 1 0 1 0 1 
0 0 0 1 0 0 0 1 0 1 1 0 1 0 1 0 1 1 1 1 1 0 0 0 0 1 0 1 1 0 1 1 0 0 1 1 0 0 1 0 1 0 0 0 0 0 0 0 0 0 1 1 1 1 0 1 1 1 1 0 1 0 1 0 1 1 1 0 0 0 0 1 1 1 1 0 0 0 1 0 0 0 1 1 0 1 0 0 0 0 
0 0 0 1 0 0 0 0 0 0 1 0 1 0 1 0 0 0 0 1 0 0 0 1 1 0 1 0 0 1 1 1 0 1 0 1 0 0 0 0 1 1 0 1 1 0 1 1 1 1 1 0 0 0 0 0 1 1 1 0 0 1 1 1 0 1 1 1 1 1 1 1 1 1 0 1 1 0 1 1 0 0 1 0 1 1 1 1 0 0 
1 0 0 1 0 1 0 0 1 0 1 1 0 1 0 0 0 0 0 1 1 0 1 1 0 1 0 1 1 0 0 0 0 0 0 0 0 1 0 0 1 0 1 1 0 0 1 0 0 0 1 0 1 0 1 0 1 0 0 0 0 0 0 1 1 1 0 1 0 0 0 1 1 1 1 1 0 0 1 0 0 0 0 0 0 0 0 1 1 1 
0 1 0 0 0 1 0 0 1 0 0 0 1 0 0 1 0 0 0 0 0 1 0 0 0 0 0 1 1 1 1 0 1 1 0 0 1 0 1 1 0 1 0 1 1 0 0 1 0 0 0 0 1 1 1 0 0 1 1 1 1 0 1 0 1 1 1 0 0 0 0 1 0 0 1 1 1 0 0 0 0 0 1 0 0 0 0 0 0 0 
0 0 0 0 0 0 1 1 1 0 1 1 1 1 1 1 0 1 0 0 0 1 0 1 0 1 1 1 1 0 1 0 0 0 1 0 0 0 0 0 1 1 1 1 1 1 1 0 0 1 0 0 0 0 1 0 0 0 1 0 0 1 0 0 1 1 0 0 1 1 1 0 1 1 0 0 1 1 0 0 0 0 0 1 1 1 0 1 0 1 
1 1 1 1 0 0 0 1 1 1 0 1 0 0 0 0 0 0 0 0 0 1 0 1 0 0 0 0 0 0 0 1 0 1 0 1 0 1 1 0 0 0 0 1 0 0 1 0 0 0 0 0 1 1 0 0 0 1 0 1 1 0 0 0 1 0 0 1 0 0 0 1 0 0 1 0 0 1 1 0 0 1 1 0 0 0 0 0 0 0 
1 0 0 0 1 0 1 1 1 1 1 0 1 0 0 0 1 1 0 0 0 0 1 1 1 0 1 0 1 0 1 1 1 1 1 1 0 0 0 1 1 1 1 0 0 0 1 0 0 0 1 0 1 0 0 0 0 1 0 1 0 0 0 1 0 0 0 1 1 1 1 1 1 0 0 0 0 0 1 1 1 0 0 1 1 0 1 0 1 0 
1 0 0 0 0 0 0 1 1 0 0 0 1 0 1 0 0 0 1 1 1 0 0 0 1 1 1 1 0 1 0 0 0 0 0 0 0 1 0 0 0 0 0 0 1 1 1 1 1 1 0 0 1 0 1 0 1 0 0 0 1 0 0 0 0 0 1 0 0 1 1 1 1 0 0 0 0 0 0 1 1 0 0 0 0 1 0 1 0 1 
1 1 0 0 0 1 0 1 1 0 1 0 0 1 1 1 0 0 0 0 1 0 0 0 1 0 1 1 0 0 0 1 0 1 1 1 0 0 0 0 0 1 0 1 0 0 1 0 0 1 0 1 0 0 1 0 1 0 1 0 1 1 0 1 1 0 0 1 0 0 0 0 1 0 1 1 1 0 1 0 0 0 0 0 1 0 0 0 1 0 
1 0 1 0 0 0 1 1 0 1 0 1 1 1 1 0 0 0 0 1 0 1 1 0 0 0 1 0 0 0 1 0 0 1 0 0 1 0 1 1 0 1 0 0 1 0 0 1 1 1 0 0 0 0 0 0 1 0 1 0 0 0 0 1 0 1 0 1 0 0 0 0 1 1 1 0 0 1 1 1 0 0 0 1 1 0 0 0 0 1 
0 0 0 0 1 1 1 0 1 1 0 1 0 1 0 0 1 1 0 0 1 1 0 1 0 0 0 0 0 0 0 0 1 1 1 1 0 0 0 1 0 0 1 0 1 0 0 1 1 1 0 1 0 0 0 0 1 1 0 1 1 1 0 0 0 1 0 0 1 0 0 0 0 0 0 1 0 1 0 1 1 0 1 1 0 0 0 1 0 0 
1 1 0 0 1 1 0 1 1 0 0 1 1 0 1 1 0 0 0 0 1 1 0 1 0 1 0 0 0 0 0 0 1 0 1 0 1 1 1 1 0 0 1 1 1 1 1 1 0 1 0 1 1 0 0 1 1 1 1 0 0 1 1 1 0 0 1 0 1 1 0 0 0 0 0 0 0 1 0 1 0 0 1 0 1 0 1 0 0 0 
0 0 0 0 0 0 0 0 0 1 1 1 1 1 1 1 0 0 0 0 0 0 1 0 0 0 1 0 1 1 0 1 0 0 0 0 0 1 0 1 0 0 0 0 1 0 0 1 1 1 1 1 1 1 1 0 1 0 0 1 1 0 0 0 0 0 0 1 1 1 1 0 1 1 0 1 0 1 1 1 1 1 1 1 1 1 1 0 0 1 
0 1 1 1 1 1 0 0 1 1 0 0 1 1 0 0 0 0 1 1 1 0 0 0 0 1 0 1 0 0 0 0 0 0 0 0 0 1 0 1 0 1 1 0 0 0 0 1 1 1 0 0 1 0 1 1 1 0 1 1 0 0 0 1 1 0 1 1 1 1 0 1 0 1 0 1 0 0 0 1 0 0 0 0 0 0 1 1 0 1 
1 0 1 1 1 1 0 1 0 0 1 1 1 0 1 0 1 0 0 1 0 1 1 1 1 0 1 1 1 0 0 1 0 1 1 0 1 0 1 0 0 0 0 0 1 0 1 0 0 0 0 1 0 0 0 1 0 1 0 1 0 0 1 1 1 1 1 0 1 0 0 1 0 0 1 0 1 1 1 1 0 1 0 1 0 1 0 0 0 0 
0 1 0 0 0 1 0 0 0 0 1 0 1 0 1 1 0 0 1 1 1 1 1 1 0 1 1 1 1 1 0 0 1 0 0 0 0 1 1 1 0 1 1 1 1 0 1 0 0 0 0 0 0 0 1 1 1 1 0 0 0 0 1 0 1 1 1 0 0 0 0 0 0 0 0 1 1 1 0 0 0 0 0 0 1 1 1 0 0 1 
1 1 0 0 1 1 0 1 0 1 1 0 1 0 1 1 1 0 1 0 1 0 1 0 1 0 1 1 0 1 0 0 0 0 0 0 0 1 0 0 1 0 0 0 1 0 0 0 0 0 0 0 0 0 1 1 1 0 0 0 1 0 1 0 0 0 1 1 1 1 0 1 1 1 0 0 1 0 0 0 1 0 0 0 0 1 1 1 0 1 
0 1 1 1 0 1 1 0 0 1 1 0 0 1 0 0 1 0 1 0 1 0 0 0 0 0 1 1 0 1 1 1 0 1 0 0 0 1 1 0 0 0 1 0 0 1 0 0 0 0 1 1 1 0 0 1 0 0 1 1 0 0 1 0 1 1 1 1 1 0 0 1 1 1 0 1 0 1 0 0 0 0 1 1 1 0 1 1 0 1 
0 1 0 0 0 0 1 1 1 0 0 0 0 1 0 1 1 1 0 0 0 1 0 0 0 0 1 0 0 0 0 1 1 0 0 1 0 1 1 1 1 0 0 1 0 1 0 0 1 1 0 1 0 0 0 1 0 0 1 0 0 0 1 0 1 0 1 1 0 1 1 1 0 0 1 0 0 1 0 0 1 0 1 0 0 1 0 0 1 1 
0 1 1 0 1 0 0 0 1 0 0 0 0 0 1 0 1 0 1 0 0 1 0 1 0 0 0 1 1 1 1 1 0 0 0 0 0 1 0 1 1 1 0 1 0 0 0 1 1 0 1 1 0 0 0 1 0 0 1 0 0 0 0 1 0 1 0 0 1 1 0 1 0 1 1 1 1 1 0 1 1 1 0 0 1 1 0 1 0 1 
1 1 0 1 0 0 1 0 1 1 0 1 0 0 1 1 0 0 1 1 0 0 1 1 1 1 1 0 0 0 1 1 1 0 0 0 0 1 1 1 1 0 0 1 0 0 1 0 1 0 0 0 1 1 1 0 0 0 0 0 0 0 0 0 1 0 1 1 1 0 0 1 1 0 1 0 0 0 0 1 1 0 0 0 1 1 0 0 1 1 
0 0 0 0 0 0 0 1 0 0 0 0 1 1 1 1 0 0 0 0 1 1 0 0 1 1 1 0 0 0 1 0 0 1 0 0 0 0 1 1 0 0 1 1 0 1 1 0 0 1 1 0 1 1 0 1 1 0 1 0 0 1 0 1 0 1 0 1 0 1 1 1 1 1 0 0 0 1 0 0 0 0 1 0 1 1 1 0 1 0 
0 0 0 0 1 1 1 0 0 1 0 0 0 1 0 0 0 1 0 1 0 1 1 0 1 0 0 1 1 0 1 1 0 1 1 1 0 0 0 0 0 1 0 0 1 1 1 1 0 1 0 1 1 1 1 0 1 0 1 0 1 0 0 0 0 0 0 0 0 1 1 0 1 0 0 1 1 1 0 0 0 1 0 0 0 0 0 1 0 1 
0 0 1 1 0 0 1 0 1 1 1 0 0 1 1 1 0 0 1 0 0 0 1 1 1 0 0 0 0 0 0 0 1 1 0 0 0 0 0 1 1 0 0 1 0 1 1 0 1 1 0 0 1 0 0 1 1 1 1 1 0 1 0 0 1 0 0 0 0 1 0 0 0 0 0 0 0 0 1 1 1 1 0 1 0 1 1 1 0 0 
0 1 0 0 0 0 1 0 1 1 1 0 0 1 1 1 0 0 1 0 0 0 0 1 0 1 1 0 1 1 1 1 0 0 0 1 0 0 0 0 0 0 0 0 1 1 0 0 1 1 1 1 0 0 1 0 0 1 0 1 0 1 1 0 1 1 0 1 1 0 0 0 1 1 0 1 1 0 0 1 0 0 1 0 1 0 0 0 0 0 
0 0 0 0 1 1 0 1 0 1 0 0 0 0 0 1 0 0 0 0 1 1 0 0 1 0 0 0 1 0 0 0 1 0 0 1 0 1 1 0 0 0 1 0 0 0 1 1 0 0 0 0 1 0 0 1 0 1 1 0 0 0 0 0 0 0 1 1 1 1 1 1 0 0 1 0 1 0 1 0 1 0 1 0 1 0 1 1 1 0 
1 0 0 0 0 0 0 0 0 0 0 1 0 0 1 0 0 0 0 0 1 0 0 1 1 0 1 1 1 0 1 0 0 0 0 1 0 1 0 0 0 0 1 1 1 1 0 0 1 1 1 1 1 0 1 0 0 1 1 0 0 0 0 1 0 0 1 0 0 1 0 0 1 1 1 0 1 1 0 1 1 0 1 0 0 0 1 0 0 1 
1 0 1 0 0 0 0 1 0 0 0 1 1 1 0 0 0 0 1 1 1 1 0 0 1 1 1 1 0 0 1 0 0 0 0 1 0 1 1 0 0 0 0 1 0 1 0 1 1 0 0 1 0 1 1 0 0 1 0 1 1 0 0 0 1 1 1 0 1 1 1 0 1 1 0 1 0 1 1 1 0 1 1 0 1 1 1 1 1 1 
0 1 1 0 1 1 0 1 0 0 0 1 1 1 1 1 1 0 1 1 0 0 0 0 0 1 0 0 1 1 0 0 1 0 1 0 0 1 1 1 0 0 1 0 1 0 0 0 0 0 1 1 0 0 0 0 0 0 1 0 0 1 0 0 1 1 1 0 1 1 0 0 1 1 0 1 0 1 1 0 0 1 0 0 0 0 1 1 0 0 
1 1 1 1 1 0 1 1 1 1 1 0 0 1 1 0 0 1 1 0 1 0 1 1 0 0 0 0 1 1 0 0 0 1 1 0 1 1 0 0 1 1 0 1 0 0 1 0 1 0 1 1 1 0 0 1 1 0 0 0 0 0 0 0 1 0 0 0 0 0 0 1 1 0 1 0 1 0 0 0 1 1 1 1 1 0 1 0 1 1 
0 0 0 0 0 1 1 1 0 1 1 1 0 1 0 0 0 1 0 0 0 0 0 1 0 0 0 0 1 1 1 0 0 1 0 0 0 0 0 0 0 1 0 0 1 0 0 1 1 1 1 1 0 0 1 1 0 1 0 0 1 1 0 1 1 1 0 1 1 0 1 0 0 0 0 0 0 0 1 1 0 1 0 0 1 1 0 1 0 0 
0 0 0 0 1 0 1 1 0 0 0 1 0 0 0 0 0 0 1 1 0 0 1 1 1 1 0 0 1 0 1 0 0 1 0 0 1 1 1 1 0 1 1 0 0 0 0 1 0 0 0 0 0 0 1 0 0 0 1 0 0 1 1 0 1 1 0 0 0 0 0 0 0 1 1 1 0 0 1 1 0 0 1 0 1 0 1 0 1 1 
0 1 0 0 0 1 0 0 1 1 1 0 1 1 0 0 1 1 1 1 0 0 0 0 1 0 0 1 0 1 1 0 1 0 0 1 0 1 0 0 1 1 0 1 1 0 0 0 0 0 1 1 1 0 0 0 0 0 0 0 1 1 0 0 1 0 0 1 0 0 1 1 1 0 0 0 1 1 0 0 0 0 0 0 1 1 1 1 0 1 
0 0 1 0 0 0 1 1 0 1 0 0 0 0 1 1 1 1 1 0 0 0 0 0 0 0 1 0 0 1 0 1 0 0 0 1 1 0 0 0 0 1 0 1 1 1 0 0 0 0 0 1 1 1 1 1 1 1 0 1 1 0 1 1 0 1 0 0 0 1 0 0 0 0 1 0 1 1 0 1 1 0 0 0 0 0 0 0 0 0 
1 1 0 1 0 0 1 0 0 1 0 1 1 0 0 1 0 1 0 1 0 1 0 0 1 1 1 0 0 1 1 0 0 0 0 1 0 0 1 0 1 1 1 1 1 0 1 0 0 0 0 1 0 0 0 0 0 0 0 0 0 1 1 0 0 0 1 0 1 1 0 0 1 1 0 1 0 0 0 0 1 0 1 0 0 1 0 0 1 1 
1 1 0 1 0 1 0 1 1 0 0 1 0 0 0 1 0 0 1 1 0 0 0 0 0 0 1 1 0 0 0 0 1 0 0 1 0 1 1 0 1 1 0 1 1 0 1 1 0 1 0 1 0 0 0 0 1 0 0 0 1 1 0 0 0 0 0 1 0 0 0 0 1 0 1 0 0 0 0 0 0 0 1 0 0 0 0 0 0 0 
0 0 1 1 1 0 1 0 1 0 1 0 1 1 0 1 1 1 1 1 0 0 1 1 1 0 0 1 1 0 1 0 0 0 1 1 0 1 1 1 1 1 0 1 1 1 1 0 0 0 0 0 1 0 0 0 0 0 0 1 0 0 0 1 1 0 0 0 1 1 1 0 1 1 0 0 0 1 0 1 1 0 0 1 1 0 1 0 1 1 
0 0 1 1 0 0 0 1 1 1 1 1 0 1 0 1 1 1 1 1 0 1 1 0 1 0 0 0 1 1 1 0 1 1 1 0 0 1 1 0 1 1 1 1 0 1 0 1 0 1 0 1 0 0 0 0 1 1 0 1 0 1 0 0 0 1 1 1 0 0 1 1 0 1 0 0 0 1 1 0 0 1 1 1 0 0 0 0 0 0 
0 0 0 0 1 0 1 0 0 1 0 0 0 1 1 0 1 1 1 1 0 0 0 1 0 0 1 0 1 0 1 1 1 0 0 0 0 0 0 0 0 0 0 0 1 0 0 0 1 1 0 0 0 0 1 1 0 0 0 1 1 0 1 1 0 0 0 0 1 0 0 0 1 1 0 0 0 0 0 0 0 0 1 0 0 0 1 1 0 0 
1 0 1 0 0 0 1 1 0 0 0 1 1 0 0 0 1 0 1 1 0 1 1 0 0 1 1 0 0 0 0 1 0 0 0 1 0 1 0 0 0 0 1 1 0 1 0 1 0 1 0 0 0 0 0 0 1 0 1 0 1 0 1 1 1 0 0 1 0 0 1 1 1 0 0 1 0 0 0 0 0 1 1 1 1 0 1 0 0 1 
0 1 1 0 0 1 0 0 1 0 0 0 0 0 1 0 1 1 1 0 0 1 1 1 0 1 1 0 0 1 0 0 0 0 0 1 1 1 1 1 0 0 1 0 0 0 1 0 0 1 1 0 1 0 1 0 0 0 0 1 1 0 0 1 0 0 0 0 1 1 1 0 0 1 1 0 0 1 1 0 1 1 1 0 0 1 1 0 0 1 
1 1 1 0 0 1 1 1 0 0 1 0 1 0 1 1 1 1 0 0 0 1 0 0 0 0 1 0 0 1 1 1 0 1 1 1 0 0 1 0 0 0 0 0 0 0 0 0 1 1 0 0 0 0 0 1 0 1 0 0 1 0 1 0 1 1 1 0 1 1 0 1 1 0 0 0 1 1 1 1 0 1 0 0 1 0 0 1 0 0 
1 0 0 0 0 1 0 0 0 1 1 0 1 1 1 0 1 1 1 0 0 1 0 1 0 0 1 0 0 1 0 0 0 0 0 0 1 0 0 0 1 1 1 1 1 1 0 1 0 1 1 1 0 1 1 1 0 0 1 0 0 1 1 0 1 0 1 1 0 0 1 0 0 1 0 1 0 0 1 1 0 1 0 0 0 0 1 0 0 1 
1 0 0 1 1 0 1 0 1 0 0 0 0 1 1 1 0 1 0 0 0 0 0 0 1 0 0 0 1 0 0 0 1 1 0 0 0 1 0 1 1 0 0 1 0 0 1 0 0 1 0 1 0 0 0 1 1 1 0 0 0 1 0 0 0 0 1 1 1 0 1 0 1 0 1 1 0 0 0 1 0 1 0 0 0 0 0 1 0 0 
1 1 0 0 1 1 0 1 0 0 1 1 0 0 1 0 0 0 0 0 0 0 0 0 0 0 0 1 0 0 1 1 0 0 0 1 1 1 0 0 0 0 1 1 1 1 0 0 0 0 1 0 0 0 1 0 1 0 1 0 1 0 1 0 0 0 1 0 1 0 0 1 0 0 0 1 1 1 1 0 0 0 0 1 1 1 0 0 1 0 
1 0 0 1 1 1 0 1 1 0 1 0 1 1 0 1 0 1 0 1 0 0 0 1 0 0 1 1 0 0 0 0 0 0 1 0 1 1 0 0 0 1 0 0 1 0 1 0 1 1 1 0 1 0 0 1 1 0 1 1 0 1 1 1 0 1 1 0 0 1 1 0 1 0 1 0 0 0 0 0 1 0 0 1 1 1 0 0 0 0 
0 1 1 1 0 0 0 0 1 1 0 1 0 0 1 1 0 1 1 0 0 0 0 0 1 1 0 0 0 0 0 0 1 1 0 1 0 0 0 1 0 1 0 0 1 0 1 0 0 1 1 0 0 0 0 0 0 0 0 0 0 0 1 1 1 0 0 0 0 0 0 0 0 1 0 0 1 0 0 1 0 0 0 0 1 1 0 0 0 1 
0 0 1 1 0 0 0 1 1 0 0 0 1 0 0 0 0 0 1 0 0 0 0 0 0 1 0 1 1 0 0 0 0 0 1 1 0 0 0 1 1 0 0 0 0 1 0 0 1 1 1 1 1 1 1 0 1 1 1 1 1 0 0 0 1 1 1 1 0 1 1 0 0 0 1 1 1 1 0 1 1 0 1 1 0 0 1 0 1 0 
0 1 0 1 0 0 1 1 1 1 0 0 1 1 0 1 1 1 0 1 0 1 0 1 0 0 1 0 0 0 0 0 0 1 1 1 1 1 1 0 0 0 0 0 0 1 0 0 1 1 0 1 0 1 1 0 0 1 1 0 1 1 0 0 0 0 1 1 0 0 0 0 0 1 0 1 0 1 1 1 0 0 0 1 0 0 0 0 0 0 
0 0 1 0 0 0 1 0 0 0 0 0 1 0 0 1 1 1 1 1 1 1 1 0 0 0 0 1 1 1 0 1 0 0 1 1 0 1 0 0 0 0 1 1 0 1 1 0 1 1 1 0 0 1 0 0 0 0 0 0 1 0 0 0 0 0 1 0 1 0 0 1 1 1 1 1 0 1 0 0 1 0 0 1 1 0 1 1 1 1 
1 0 0 0 1 0 0 1 1 0 0 1 0 1 0 1 1 1 0 0 0 0 1 1 1 1 1 1 0 0 1 1 0 0 1 1 0 1 1 0 0 1 0 0 1 0 1 1 0 1 1 0 0 1 0 0 1 1 0 0 1 1 0 0 1 0 0 0 0 0 0 0 0 1 0 0 1 0 0 0 1 1 1 0 0 0 0 1 0 0 
0 0 0 1 0 1 0 0 0 0 0 1 1 0 1 0 1 0 0 1 0 0 1 1 0 0 1 1 0 0 1 0 1 1 1 0 1 0 0 1 1 0 1 0 1 1 0 0 0 1 1 0 0 1 0 1 0 0 1 1 1 0 1 0 0 0 0 1 0 1 1 1 1 0 1 1 0 0 0 0 0 1 0 0 1 0 0 1 1 1 
0 1 0 0 1 0 1 1 0 0 1 0 1 0 0 0 0 1 0 1 1 0 1 0 0 1 0 0 0 0 1 0 0 0 1 0 0 1 0 1 1 1 1 0 0 0 1 0 1 0 0 1 1 1 1 0 0 1 1 0 0 1 0 0 0 0 0 0 1 1 1 0 1 0 0 1 0 0 0 1 1 1 0 0 0 1 0 1 0 1 
0 1 1 0 0 0 0 0 0 0 1 0 0 0 1 1 0 1 0 0 1 1 1 1 1 0 0 1 0 1 0 0 0 0 1 0 0 0 0 1 0 1 1 0 0 0 0 0 1 1 1 0 1 1 1 0 0 0 0 1 0 0 0 0 0 0 0 1 0 0 1 0 1 0 1 0 1 1 0 1 1 1 1 0 0 1 0 0 1 0 
0 1 0 0 0 0 0 1 0 0 1 1 0 0 0 0 1 1 1 1 0 1 0 0 1 0 1 0 0 1 1 0 1 1 0 1 1 1 1 0 1 1 0 0 0 0 1 0 1 1 0 1 1 0 0 0 0 1 0 0 0 1 0 0 1 0 1 1 0 0 1 1 0 1 0 0 0 1 0 1 0 0 1 1 0 1 0 1 1 0 
0 0 0 1 1 0 0 0 1 1 1 1 1 0 1 0 0 1 1 1 0 0 1 0 1 0 0 1 0 0 0 0 0 1 1 1 1 1 0 1 0 0 1 0 1 0 0 1 0 1 0 1 1 0 0 0 1 0 1 1 1 1 0 1 0 1 0 0 1 1 0 0 1 1 0 0 0 1 1 1 0 0 0 0 0 1 0 0 0 0 
1 1 0 1 0 0 0 1 1 1 0 0 0 1 1 1 1 0 0 1 0 0 0 0 0 0 0 0 0 0 1 0 1 0 0 0 1 0 1 1 0 1 0 0 1 1 0 0 0 1 1 1 0 1 0 0 1 0 0 1 1 0 1 0 0 0 0 1 1 0 0 0 1 1 0 0 0 0 0 0 0 0 0 0 1 1 1 1 0 1 
1 0 1 0 0 0 1 0 1 1 1 0 1 0 0 0 1 0 0 1 0 1 1 0 0 1 1 0 1 0 0 0 0 0 0 0 0 1 1 0 0 1 0 1 1 0 0 1 1 1 0 0 1 0 0 0 0 1 0 0 0 0 0 1 0 0 0 0 1 0 0 0 0 1 1 1 0 1 0 0 1 0 1 1 0 1 0 1 1 1 
0 0 0 1 1 1 1 0 1 0 1 0 0 0 0 0 0 1 1 1 0 0 0 0 1 0 1 1 1 0 1 1 1 0 1 1 0 0 1 0 0 1 0 0 0 1 1 0 1 1 0 0 0 0 0 1 1 1 0 1 0 0 0 0 0 0 0 0 1 0 1 1 0 0 0 0 0 1 1 0 0 0 0 1 1 0 1 1 0 1 
1 0 0 0 0 0 0 1 0 1 1 0 0 1 1 1 0 1 0 0 1 0 0 0 0 1 0 0 0 0 1 1 0 1 1 0 0 0 0 0 1 1 0 0 0 0 0 1 1 0 0 1 0 0 1 1 0 0 1 1 0 0 0 0 0 0 0 1 1 1 0 0 1 1 0 0 1 0 1 1 1 0 1 1 0 1 0 0 0 1 
1 0 1 0 0 0 1 1 1 1 0 0 0 0 0 0 1 1 0 1 0 1 0 0 0 0 0 1 1 1 0 0 0 0 1 1 1 1 1 1 1 1 0 1 0 0 1 1 1 1 0 1 1 1 1 1 0 1 1 0 1 0 1 1 1 0 1 1 0 0 1 1 1 0 1 0 0 1 0 0 0 1 1 0 1 0 0 0 0 0 
0 0 0 1 0 1 0 0 0 1 1 1 0 0 0 1 0 1 1 0 0 0 0 0 0 0 0 0 0 0 1 1 1 1 0 1 0 1 1 0 0 0 1 0 1 0 1 0 0 1 0 0 1 0 1 0 1 1 0 0 0 1 1 0 1 0 0 0 1 0 0 0 0 1 0 1 0 1 1 0 1 1 0 1 0 1 1 1 0 1 
1 1 0 0 0 1 0 0 1 0 1 1 0 0 1 0 1 1 1 0 1 0 0 0 1 0 0 0 1 1 1 0 0 0 1 1 1 1 1 0 0 1 0 1 0 0 0 0 0 1 1 0 1 1 1 0 1 1 1 1 1 1 1 0 0 0 0 1 0 0 0 0 0 0 1 1 0 0 1 0 1 1 1 0 0 1 0 1 0 0 
1 1 0 0 0 0 1 1 0 1 0 0 1 0 0 0 0 1 0 1 0 1 1 1 1 0 0 0 1 0 0 0 0 0 0 0 1 0 1 0 1 0 0 1 0 0 1 0 0 0 1 0 0 1 1 0 1 1 0 0 0 1 0 0 0 1 0 0 0 0 1 0 1 1 1 1 0 0 0 1 1 0 0 1 1 0 0 0 1 1 
1 0 1 1 1 1 1 1 0 1 0 1 1 0 1 0 0 1 0 0 0 1 0 0 1 0 0 1 0 0 1 1 1 1 0 1 1 0 0 0 0 0 0 1 0 0 1 0 1 0 0 0 1 1 0 0 1 0 0 0 0 0 1 1 0 0 0 0 0 0 0 1 0 1 0 0 0 0 0 0 0 1 1 1 1 0 1 0 1 0 
0 1 0 1 0 0 0 0 1 0 0 1 1 0 1 0 0 1 1 1 1 0 0 1 0 0 0 0 1 1 0 1 1 0 0 1 1 1 0 1 0 1 0 1 0 1 0 0 1 0 0 0 0 0 0 0 1 0 0 0 0 0 0 0 1 0 1 1 1 0 1 1 0 1 0 1 0 0 0 0 0 0 1 1 1 1 0 1 0 1 
0 0 0 0 0 0 0 0 1 0 1 1 1 0 1 1 0 1 1 1 0 0 1 1 0 0 1 0 1 0 0 0 0 1 1 1 1 0 1 0 0 1 1 1 0 0 1 0 1 0 0 1 1 1 0 0 0 1 0 1 0 1 1 1 1 0 0 1 0 0 0 0 0 0 0 0 0 0 1 0 1 0 0 0 1 0 0 0 0 1 
0 0 0 1 1 0 0 0 0 1 0 0 0 0 0 0 0 1 0 1 1 1 1 0 0 0 0 1 1 0 1 1 1 0 1 0 0 0 0 1 1 0 0 1 0 0 0 1 0 0 1 1 1 0 1 0 0 0 0 0 1 0 0 0 0 0 0 0 1 0 1 0 0 1 0 1 1 1 1 0 1 0 0 0 0 0 0 1 1 0 
0 0 0 0 1 0 0 1 1 1 0 0 0 1 1 1 0 0 1 0 1 0 0 1 1 0 0 0 0 1 1 0 1 0 0 1 1 1 0 0 0 1 1 1 0 0 0 1 0 1 1 0 1 1 0 0 1 0 0 0 0 0 0 0 0 0 0 1 1 0 1 0 1 0 0 1 1 1 1 1 1 0 0 0 0 0 0 1 0 1 
0 1 1 1 1 0 0 0 0 0 1 0 0 1 0 0 0 1 1 0 0 1 0 0 1 0 0 1 0 0 0 1 0 0 1 0 1 1 0 1 1 0 1 0 1 0 1 1 0 0 1 1 0 0 0 0 1 0 0 0 0 0 0 1 0 0 0 1 0 0 0 0 1 1 0 1 1 0 1 0 1 1 0 0 0 0 1 0 1 1 
0 1 0 1 0 1 0 0 0 1 1 1 1 0 1 0 1 1 1 0 1 0 1 0 0 1 1 1 1 1 0 1 0 1 0 0 0 0 0 0 0 1 1 1 0 0 0 0 1 1 0 1 1 1 1 0 0 0 0 0 0 1 0 1 0 1 0 0 0 0 1 1 0 0 0 0 1 1 0 0 0 0 0 0 0 0 0 1 0 0 
0 0 1 0 0 0 1 1 0 1 1 1 0 0 1 0 0 1 1 1 0 1 1 1 1 0 1 1 1 0 1 0 1 0 1 0 0 1 0 0 0 1 0 0 0 0 1 0 0 1 0 0 0 0 0 0 0 0 1 1 0 0 1 1 0 0 1 1 0 0 1 1 1 1 1 0 1 1 0 1 0 0 1 1 0 0 0 0 0 1 
1 1 1 0 1 1 1 1 1 0 0 0 1 0 0 1 1 0 0 0 1 1 1 0 1 0 0 0 0 0 0 1 0 1 1 1 0 0 1 1 1 0 0 1 1 1 0 1 0 1 1 1 1 0 0 1 0 0 0 0 1 0 1 1 0 1 0 0 0 0 0 0 1 0 1 1 0 0 0 0 1 1 0 0 0 0 0 0 0 1 
0 1 1 1 0 0 1 1 1 0 1 1 0 1 0 0 1 1 0 0 0 1 0 1 1 0 1 1 1 1 0 1 1 0 0 1 1 0 0 1 0 0 1 0 1 1 0 1 0 0 0 0 1 0 1 0 1 0 1 1 0 1 1 1 1 0 1 0 1 0 0 0 1 0 1 1 0 1 1 0 1 0 1 0 1 0 1 0 0 0 
1 0 0 0 1 0 1 0 0 0 1 0 0 1 1 1 1 0 0 1 1 1 0 0 0 1 1 0 0 0 1 1 1 1 0 0 0 0 1 1 0 0 1 0 0 0 1 0 0 0 1 1 0 0 1 1 0 0 1 0 0 1 0 1 1 1 0 0 0 1 0 1 0 0 1 0 1 1 0 1 1 1 0 0 1 1 0 1 0 0 
