# Number of items
60
# Stacking height
6
# Number of stacks
48
# Item name and Appearance
# (0 for I^{fix}, 1 for I^1, 2 for I^2)
   001     0
   002     0
   003     0
   004     0
   005     0
   006     0
   007     0
   008     0
   009     0
   010     0
   011     0
   012     0
   013     0
   014     0
   015     0
   016     0
   017     0
   018     0
   019     0
   020     0
   021     0
   022     0
   023     1
   024     1
   025     1
   026     1
   027     1
   028     1
   029     1
   030     1
   031     1
   032     1
   033     1
   034     1
   035     1
   036     1
   037     1
   038     1
   039     1
   040     1
   041     1
   042     1
   043     2
   044     2
   045     2
   046     2
   047     2
   048     2
   049     2
   050     2
   051     2
   052     2
   053     2
   054     2
   055     2
   056     2
   057     2
   058     2
   059     2
   060     2
# Positions of Ifix-items in the format (itemName, stack, level)
   001     1     5
   002     5     1
   003     4     1
   004     1     2
   005     1     3
   006     3     1
   007     2     3
   008     9     1
   009     1     4
   010     2     1
   011     4     3
   012     7     1
   013     4     2
   014     1     1
   015     2     2
   016     3     3
   017     8     1
   018     2     4
   019     6     1
   020     6     2
   021     3     2
   022     5     2
# Stacking matrix
# Info: number of 1-entries = 1247, density = 0.35
0 0 1 0 0 0 0 0 1 1 0 1 0 0 0 1 1 0 0 0 1 0 1 1 0 1 0 0 0 0 0 0 0 0 1 0 0 0 0 0 1 1 0 1 1 0 0 1 1 1 1 0 1 1 1 1 0 0 1 0 
0 0 0 0 0 0 0 0 0 0 0 0 0 1 0 1 0 0 0 1 0 0 1 1 0 1 0 1 1 1 0 0 1 0 0 0 0 1 0 1 1 0 0 0 0 1 0 1 1 0 0 0 0 0 1 0 0 1 1 0 
0 0 0 0 0 0 0 0 0 1 1 0 1 0 0 0 0 0 1 0 1 1 0 1 0 0 1 1 0 0 0 0 0 1 1 1 1 0 1 0 0 0 0 1 0 1 0 0 1 0 0 1 0 0 0 1 1 0 0 1 
0 1 0 0 1 0 0 0 0 0 1 0 1 1 1 1 1 1 0 1 0 1 1 0 1 1 0 1 0 1 0 0 0 1 1 0 0 1 0 0 0 0 1 0 0 0 1 1 1 1 1 0 1 0 0 0 1 0 1 1 
0 1 1 1 0 0 1 0 1 0 1 0 1 0 0 0 0 1 1 0 0 0 0 0 0 0 1 1 0 0 0 0 0 0 0 1 1 0 0 0 0 0 0 1 0 1 0 0 1 0 0 0 1 1 0 0 1 1 1 0 
0 1 0 0 1 0 1 0 0 0 0 1 1 0 1 1 1 0 0 0 1 0 0 0 1 0 0 1 1 1 0 1 0 1 0 1 0 0 0 1 1 0 0 0 1 0 1 1 0 0 0 0 1 0 1 1 0 0 1 0 
0 1 0 0 0 1 0 1 0 0 0 0 1 0 1 0 0 0 0 1 0 1 1 0 0 0 0 0 0 0 1 1 1 0 1 0 0 1 0 0 1 0 1 0 1 1 0 0 0 0 0 1 1 0 0 0 0 0 0 0 
0 0 1 1 1 1 1 0 0 0 0 0 0 0 1 1 0 1 0 0 1 0 0 1 1 1 0 0 0 0 0 0 1 0 0 0 1 0 0 0 0 0 0 0 1 0 0 0 0 0 1 0 0 0 0 1 0 1 1 1 
1 0 0 0 1 0 1 0 0 0 1 1 0 0 1 0 1 0 1 0 0 0 0 0 0 0 0 1 0 0 0 0 0 1 0 1 0 0 0 0 0 1 0 0 0 0 1 0 0 0 1 1 0 0 0 1 0 0 0 0 
0 0 0 0 0 0 0 0 0 0 1 0 1 0 1 0 0 1 0 0 0 0 1 0 0 0 0 0 0 1 0 0 1 0 0 0 1 0 0 0 0 0 1 0 0 0 0 0 0 0 0 0 0 1 0 1 0 0 1 0 
1 0 0 1 0 0 1 0 0 0 0 0 1 1 0 1 0 1 1 1 0 0 0 0 0 1 0 0 0 0 0 1 1 0 0 1 1 0 0 0 1 0 1 0 0 0 1 0 1 0 0 0 0 0 0 0 1 1 0 0 
0 0 0 0 0 1 1 0 0 0 0 0 1 0 0 1 0 1 0 0 0 0 1 0 0 0 0 1 1 0 1 0 1 0 1 0 0 0 0 0 1 0 0 0 0 0 0 0 0 0 0 1 1 0 0 0 1 1 1 1 
1 1 1 1 0 0 0 1 1 1 0 0 0 0 1 0 0 0 0 0 1 0 1 0 0 1 0 0 1 1 0 0 1 1 0 0 1 1 0 0 0 0 0 0 0 0 0 0 1 1 0 0 1 0 1 0 0 0 1 1 
0 0 0 1 0 1 0 1 0 1 0 0 0 0 1 0 0 0 1 0 1 0 0 1 0 1 0 0 0 0 1 0 0 0 0 1 0 0 1 0 0 1 1 1 1 0 1 1 1 1 0 1 0 0 0 1 1 1 0 0 
1 1 0 0 1 1 1 0 0 1 1 1 1 0 0 0 0 1 0 0 1 1 1 0 0 0 0 0 1 0 0 0 0 0 1 0 0 0 1 1 0 0 0 0 0 0 1 0 0 1 0 0 1 0 1 0 0 0 0 0 
0 1 0 0 0 0 1 0 0 0 0 1 1 0 1 0 0 0 0 0 1 0 0 0 0 0 0 0 1 0 0 0 0 0 1 1 1 0 1 0 0 0 0 1 0 0 0 0 0 0 0 0 0 0 0 0 1 0 1 1 
1 1 0 1 0 0 0 0 0 0 0 0 1 0 1 0 0 1 0 1 1 0 0 0 0 1 1 0 0 0 0 0 0 1 1 0 0 0 0 0 0 1 0 0 0 0 1 1 1 0 0 1 1 1 1 0 1 0 0 0 
0 0 1 1 0 1 1 0 1 0 0 1 0 0 1 0 1 0 0 1 1 1 1 0 1 0 0 1 0 0 0 0 0 0 0 0 0 0 0 0 1 0 0 1 0 0 0 0 0 0 0 1 0 0 0 0 0 0 0 0 
1 0 0 0 0 0 1 0 0 0 1 0 0 0 0 0 1 0 0 1 0 0 1 0 0 1 1 0 0 1 0 0 0 0 1 0 0 1 0 0 1 1 0 0 0 1 0 1 0 0 0 0 0 0 0 0 1 0 0 1 
1 0 0 0 0 0 0 1 0 0 0 0 0 0 1 0 1 1 1 0 0 0 1 0 1 1 1 1 0 0 0 0 0 1 1 0 1 1 1 0 1 0 0 0 0 0 1 0 0 0 0 1 1 0 0 1 0 0 0 0 
0 1 1 0 0 1 1 0 0 1 1 1 0 1 1 1 0 1 1 0 0 0 0 1 1 0 0 1 0 0 0 1 0 1 0 0 0 0 0 1 0 0 1 0 0 0 1 0 0 1 0 1 1 0 0 1 0 0 0 0 
1 1 0 0 0 0 1 0 1 0 1 0 1 1 0 1 0 0 0 0 0 0 0 1 0 0 1 1 1 0 0 0 1 0 0 1 1 0 0 1 0 1 1 0 0 1 0 0 0 1 0 1 0 0 0 0 0 1 1 0 
1 1 1 1 1 0 1 0 0 0 0 1 1 0 0 0 1 1 0 0 0 1 0 0 0 1 1 1 0 0 0 0 0 0 1 0 0 1 0 0 0 0 1 0 1 0 0 0 1 1 0 0 0 0 0 1 0 0 0 0 
0 0 0 0 0 1 0 0 1 0 1 0 0 0 0 1 1 0 0 0 0 0 0 0 1 0 1 0 1 1 0 0 1 0 1 1 0 0 0 1 0 1 1 0 0 1 0 0 0 0 0 0 1 1 0 0 0 1 0 1 
0 1 0 0 1 0 0 1 0 0 0 0 0 1 0 0 1 1 0 0 0 0 1 0 0 1 0 1 0 0 1 0 0 0 0 0 0 0 1 0 0 1 0 1 0 1 0 0 1 0 1 0 0 0 0 0 0 0 0 0 
1 0 0 1 0 1 1 1 0 0 0 1 1 0 0 0 0 1 1 1 0 0 0 1 0 0 1 1 0 1 0 0 0 1 0 0 0 0 0 0 1 0 0 1 1 1 1 0 1 1 0 1 0 1 0 0 0 0 0 1 
0 0 0 0 1 0 0 0 1 1 1 0 0 1 1 0 0 0 1 1 1 0 0 0 0 1 0 0 0 0 0 0 0 0 0 0 0 0 0 0 0 1 1 1 0 1 1 1 1 0 0 0 0 0 0 0 0 0 0 1 
1 0 1 0 0 0 0 0 1 0 0 1 0 1 0 0 0 1 1 0 0 0 1 1 0 0 0 0 1 1 1 0 1 0 0 0 1 0 1 0 1 1 1 0 0 0 0 0 0 0 0 1 1 0 0 1 0 0 1 0 
0 1 1 0 0 1 1 0 0 0 1 0 1 0 0 0 0 1 0 0 1 1 0 0 0 0 0 0 0 1 0 1 1 0 0 1 0 0 1 0 0 0 1 0 0 0 0 0 0 1 0 0 1 0 1 0 0 0 0 0 
0 0 1 0 1 0 0 0 0 0 0 0 0 0 1 1 1 0 0 1 0 0 1 1 1 1 0 0 0 0 0 1 0 0 1 0 0 0 0 1 1 0 0 1 0 0 0 1 0 0 1 1 1 0 0 1 1 0 1 0 
0 1 0 0 1 1 1 0 1 0 0 0 0 0 0 1 1 1 1 0 1 1 0 0 0 0 0 0 1 1 0 0 0 0 1 0 0 0 0 0 1 1 0 1 0 0 1 1 0 1 1 1 1 0 0 1 1 0 0 1 
0 1 0 0 1 0 1 1 0 1 0 0 0 1 0 0 0 1 0 0 0 0 0 0 1 1 1 0 0 1 0 0 1 0 1 1 0 0 0 0 0 1 1 0 0 0 0 0 1 1 1 0 1 1 1 0 0 0 1 0 
0 0 1 1 0 0 0 1 1 0 0 1 0 0 1 0 0 0 0 0 0 1 0 0 0 0 1 1 0 0 1 1 0 0 1 0 0 1 1 1 0 0 0 0 1 1 0 0 0 0 0 1 1 1 0 1 0 0 0 0 
0 0 0 1 0 0 1 1 0 0 0 0 0 0 1 0 0 0 1 0 0 1 1 1 0 0 0 0 0 0 0 0 0 0 0 0 0 1 1 1 0 0 0 1 0 1 0 0 0 0 0 0 0 0 0 1 1 0 1 1 
1 0 0 0 1 0 0 0 0 1 1 0 1 0 1 0 0 1 1 1 0 0 1 0 1 0 0 0 1 0 1 0 1 0 0 0 0 0 0 0 1 1 0 0 0 0 0 0 0 1 0 0 1 0 0 1 1 0 1 0 
1 0 0 1 0 0 0 0 1 1 1 1 0 0 1 0 0 1 1 0 0 1 0 0 1 0 0 1 0 0 1 1 1 0 0 0 0 1 1 0 0 1 0 0 0 0 0 1 1 0 0 0 0 1 0 0 1 0 0 0 
1 0 0 1 0 0 0 0 0 1 1 0 0 1 0 0 1 0 0 1 0 1 0 0 0 0 0 0 1 0 0 1 0 0 0 0 0 0 0 0 0 0 1 0 0 1 0 0 0 0 0 0 0 1 1 0 1 0 1 0 
1 0 0 0 0 0 0 0 0 0 0 0 1 1 0 1 1 1 0 0 1 0 0 1 0 0 0 0 0 0 0 1 0 0 0 0 1 0 1 0 0 0 1 0 0 1 1 0 1 0 0 0 0 1 0 1 1 1 0 1 
1 0 1 0 0 0 0 0 0 1 1 1 0 0 0 0 1 0 1 0 0 1 0 0 1 0 1 0 0 0 0 1 0 0 0 1 0 0 0 0 1 0 1 0 0 0 0 1 0 0 0 1 1 1 1 0 0 0 0 1 
1 0 1 0 0 0 0 1 1 0 0 1 0 0 1 1 0 1 0 0 0 0 0 1 0 0 1 1 0 1 1 0 0 0 0 1 0 1 1 0 0 0 0 1 0 0 0 1 0 0 1 0 1 1 1 0 1 0 0 1 
0 0 0 0 0 0 1 1 0 0 0 0 0 0 0 0 0 0 0 1 0 0 1 1 0 0 1 0 0 1 0 1 1 0 0 0 0 1 0 0 0 0 0 0 0 0 0 0 0 0 1 1 1 0 0 0 0 1 0 0 
1 1 0 1 0 0 0 0 0 0 0 0 1 0 0 0 1 1 0 0 0 0 1 1 0 1 0 1 0 0 0 0 1 0 0 0 1 0 0 0 1 0 0 0 0 1 1 0 0 0 0 0 1 0 0 1 0 1 1 0 
1 0 0 0 0 1 1 1 1 1 1 1 1 0 0 1 0 1 0 0 0 0 0 0 0 0 0 0 0 0 0 1 0 1 1 0 0 0 1 1 1 0 0 0 1 1 1 1 1 1 0 1 0 1 1 1 1 0 0 0 
0 1 0 0 0 1 0 0 0 1 0 1 1 1 1 0 1 0 1 1 0 1 0 1 0 1 1 0 0 0 0 1 1 0 1 1 0 0 0 1 0 1 0 0 0 1 0 0 0 0 1 0 1 0 1 0 0 0 0 0 
0 1 0 0 0 0 1 0 0 0 0 1 0 1 0 0 1 0 0 1 0 1 0 0 0 1 1 0 1 1 0 0 0 0 0 1 0 0 0 0 1 0 1 0 0 0 1 0 1 1 0 1 0 1 0 0 1 1 0 1 
0 1 0 1 1 0 1 0 1 0 0 1 1 0 0 0 0 1 0 1 0 0 0 1 0 0 0 0 1 0 0 0 1 0 0 1 1 0 0 1 1 1 1 0 1 0 1 0 1 1 0 0 1 0 0 0 0 0 1 1 
0 0 0 0 1 0 0 1 1 1 0 0 0 1 0 0 1 1 1 0 0 0 1 0 0 0 0 0 1 0 0 1 0 0 0 1 0 0 1 0 1 0 0 0 1 0 0 1 0 0 1 0 0 0 0 0 0 1 1 1 
0 1 0 0 0 1 0 0 0 1 0 0 0 0 0 0 0 0 0 0 1 0 0 0 1 0 0 1 0 0 1 0 0 1 0 0 0 1 1 0 1 1 0 0 0 0 0 0 1 1 0 0 0 1 1 1 0 1 0 0 
0 0 0 0 0 0 1 0 0 1 1 1 1 0 1 0 0 0 0 0 1 1 0 0 1 0 1 0 0 1 1 1 0 1 1 0 1 1 0 0 1 1 0 0 0 0 0 0 0 1 0 0 1 0 0 0 0 1 0 0 
0 1 0 0 0 0 1 1 0 1 0 1 0 1 0 0 1 1 1 0 1 0 1 1 1 0 0 0 0 1 0 0 1 0 1 1 0 1 1 0 1 0 1 0 0 0 1 0 0 0 1 0 1 1 0 0 0 1 1 0 
0 0 0 0 0 1 0 0 1 0 0 1 0 1 1 0 0 0 0 1 1 0 1 0 1 1 0 1 0 1 0 0 0 0 0 1 1 0 1 1 0 1 0 0 0 1 0 0 1 0 0 0 0 1 1 0 0 0 1 1 
0 0 0 1 0 1 1 1 0 1 0 0 0 0 0 0 0 0 1 1 1 0 1 1 1 0 1 0 1 1 0 0 0 0 1 1 1 1 0 0 1 0 1 0 0 0 1 0 1 0 1 0 0 0 1 0 0 0 0 1 
0 0 0 1 1 1 0 0 1 1 1 0 1 0 0 0 1 0 0 0 0 1 0 0 0 0 0 1 0 0 0 1 0 0 0 1 0 0 1 0 0 1 0 0 0 0 1 1 0 0 1 1 0 0 0 1 1 0 1 0 
1 0 0 0 0 0 1 1 0 0 1 1 1 0 0 0 0 0 0 1 0 0 0 0 0 0 1 0 0 0 0 0 1 1 0 1 0 1 0 1 0 1 0 1 1 0 1 1 1 0 0 0 1 0 0 0 0 1 0 0 
1 0 0 0 0 0 1 0 1 0 0 1 1 0 1 0 0 0 1 0 0 0 0 0 1 0 0 0 0 0 0 0 0 0 0 1 0 1 1 0 0 1 0 0 0 0 0 0 0 0 0 0 1 0 0 0 0 1 0 0 
0 0 1 0 1 1 0 0 0 1 0 0 0 1 1 0 1 0 0 0 0 0 0 0 0 1 1 0 1 1 0 1 1 0 0 0 1 0 1 1 0 0 0 0 0 0 0 0 1 0 0 0 0 0 1 0 1 0 0 0 
0 0 0 0 0 0 1 0 0 0 0 1 0 0 1 0 1 1 1 0 0 0 1 1 0 1 1 1 0 1 1 1 0 0 0 1 1 1 0 0 1 0 0 1 0 0 0 1 0 1 1 0 1 1 0 1 0 0 1 0 
0 1 0 0 0 1 0 0 0 0 0 0 0 0 0 0 0 0 0 1 0 0 0 1 0 1 1 0 1 0 0 1 0 0 0 0 0 1 0 0 0 0 0 0 0 1 1 1 1 0 0 0 0 0 1 0 0 0 1 0 
0 0 0 0 0 1 1 0 1 0 0 0 0 0 1 0 0 0 1 1 0 0 1 0 1 0 1 1 0 1 0 0 0 0 1 1 0 0 1 1 1 1 0 0 0 0 1 0 1 0 0 0 0 0 0 1 0 1 0 0 
0 0 0 1 0 1 0 0 0 0 0 1 0 1 1 0 1 1 0 0 1 0 1 1 1 1 0 0 0 1 1 0 1 0 0 1 0 0 1 0 0 0 0 0 0 0 0 0 1 0 1 0 0 0 1 0 0 1 0 0 
