# Number of items
60
# Stacking height
5
# Number of stacks
48
# Item name and Appearance
# (0 for I^{fix}, 1 for I^1, 2 for I^2)
   001     0
   002     0
   003     0
   004     0
   005     0
   006     0
   007     0
   008     0
   009     0
   010     0
   011     0
   012     0
   013     0
   014     0
   015     0
   016     0
   017     0
   018     0
   019     0
   020     0
   021     0
   022     0
   023     0
   024     0
   025     0
   026     0
   027     0
   028     1
   029     1
   030     1
   031     1
   032     1
   033     1
   034     1
   035     1
   036     1
   037     1
   038     1
   039     1
   040     1
   041     1
   042     1
   043     1
   044     1
   045     1
   046     1
   047     1
   048     1
   049     1
   050     1
   051     1
   052     1
   053     1
   054     1
   055     1
   056     1
   057     2
   058     2
   059     2
   060     2
# Positions of Ifix-items in the format (itemName, stack, level)
   001     2     2
   002     9     2
   003     4     1
   004     8     2
   005    12     1
   006     1     1
   007     9     1
   008    10     1
   009     1     3
   010     5     1
   011     3     3
   012     6     1
   013     1     4
   014     7     2
   015     8     1
   016     2     1
   017     1     2
   018    11     1
   019     3     2
   020    14     1
   021     2     3
   022     7     1
   023     6     2
   024     5     2
   025     4     2
   026    13     1
   027     3     1
# Stacking matrix
# Info: number of 1-entries = 1116, density = 0.32
0 0 1 0 0 0 1 0 0 0 1 0 0 0 1 1 0 0 0 0 0 0 1 1 1 1 1 1 0 1 1 1 1 0 0 0 1 1 1 0 1 1 1 1 0 0 1 0 0 0 0 0 0 1 0 0 1 1 0 0 
0 0 0 1 0 0 1 0 1 0 0 1 0 1 0 0 0 0 0 0 0 1 0 0 1 0 0 0 1 0 0 0 0 0 1 0 0 1 0 1 1 0 1 0 0 0 1 0 0 0 0 0 0 0 1 0 1 1 0 0 
0 1 0 0 0 0 0 1 0 1 0 1 0 0 0 1 0 1 1 1 0 0 0 0 0 1 0 0 0 0 0 1 0 1 0 0 0 0 1 0 0 1 1 0 1 0 0 1 1 0 0 0 0 0 0 0 0 0 0 0 
1 1 0 0 0 0 0 1 1 0 0 0 0 1 1 1 1 1 0 0 0 0 0 1 1 0 1 0 0 0 0 0 1 0 0 1 0 0 0 1 1 1 0 1 0 1 0 0 0 1 1 0 1 1 1 0 0 0 1 0 
1 1 0 0 0 0 0 1 0 1 0 1 0 1 0 0 1 0 1 0 0 0 0 1 0 0 0 0 1 0 0 0 0 0 1 1 0 0 0 1 1 1 0 0 0 0 0 0 1 1 0 1 0 1 1 1 0 0 1 0 
0 0 0 0 0 0 0 0 1 1 1 0 1 1 0 0 0 0 0 1 0 1 0 1 1 0 0 0 0 1 0 1 0 1 0 1 1 0 0 0 0 0 1 0 0 1 1 0 0 0 0 1 0 0 0 0 1 0 0 1 
0 0 0 0 0 0 0 0 0 1 0 0 1 1 1 0 1 0 0 1 0 0 0 0 1 0 0 1 0 0 0 0 0 0 0 0 0 0 0 1 0 0 0 1 1 0 1 0 1 0 1 0 0 1 0 0 0 1 0 0 
0 0 0 1 0 0 0 0 0 0 0 0 1 0 1 1 0 0 1 0 0 1 0 0 0 0 0 0 1 1 0 0 0 1 0 0 0 0 1 0 1 0 0 0 0 0 0 0 0 0 0 0 0 1 0 0 1 0 1 1 
0 0 0 0 0 0 0 1 0 0 0 0 0 0 0 0 1 0 0 0 0 1 0 1 0 0 0 0 0 0 1 0 1 1 1 0 0 1 0 0 0 1 0 0 1 1 1 0 0 1 1 0 0 0 0 1 0 0 0 0 
1 0 1 0 0 0 0 1 1 0 1 1 1 0 0 1 0 1 1 0 1 1 0 1 0 0 0 0 0 0 1 1 0 0 1 1 1 0 1 1 1 1 1 0 0 0 1 0 0 1 0 1 1 1 0 0 0 1 0 0 
0 0 0 0 1 0 1 1 0 1 0 0 1 0 1 1 0 1 1 1 1 0 0 0 0 0 0 0 0 0 0 1 0 0 0 0 0 0 0 0 0 0 0 1 1 0 0 0 0 0 1 1 0 1 0 1 0 0 0 1 
0 0 1 0 0 0 0 0 1 0 0 0 0 1 0 0 0 0 0 1 1 0 0 0 0 0 1 0 1 0 0 0 0 0 1 0 0 0 0 0 0 0 1 0 0 0 0 0 0 0 0 1 0 0 1 0 0 0 1 0 
0 1 1 0 0 0 1 0 1 0 1 0 0 0 0 1 0 0 1 0 1 0 0 0 0 0 1 1 0 1 1 0 0 0 1 0 1 0 0 0 0 1 0 0 0 0 0 0 1 0 0 0 0 0 0 0 1 1 0 0 
1 1 0 0 0 1 0 0 0 0 0 1 1 0 0 0 0 1 0 0 0 1 1 1 0 0 1 1 0 0 0 0 0 0 1 0 0 0 0 0 1 1 0 0 0 1 0 0 0 0 0 0 0 0 0 0 0 0 0 0 
1 0 0 0 1 0 0 0 0 0 0 0 1 1 0 0 0 1 0 0 0 0 0 0 0 1 0 0 0 0 0 0 0 0 0 0 0 1 0 0 0 0 0 0 0 0 0 0 0 0 0 0 0 1 0 0 0 1 0 0 
1 0 0 0 0 1 0 1 0 0 0 0 1 0 1 0 0 0 0 1 0 0 0 1 0 0 0 0 1 0 0 1 0 0 0 1 1 0 0 0 0 0 1 0 0 1 0 0 0 1 0 0 0 0 0 0 0 1 1 0 
0 0 0 0 0 1 1 0 0 0 1 0 0 0 0 0 0 0 0 1 0 0 1 0 0 0 0 0 0 0 1 1 0 1 0 1 1 0 1 1 0 0 0 1 1 0 0 1 0 0 1 0 0 0 0 0 1 1 0 0 
0 1 0 1 0 0 0 0 0 0 0 0 1 1 1 0 0 0 0 1 0 1 1 0 1 1 1 0 1 0 0 1 0 1 0 1 1 0 0 1 0 0 1 0 0 0 1 0 0 1 0 0 1 0 0 0 0 0 1 0 
0 1 0 0 1 0 1 0 0 0 0 0 1 0 0 0 0 0 0 0 0 1 1 0 0 1 1 0 0 0 0 1 1 1 0 0 0 0 0 0 1 0 1 0 1 1 1 0 0 1 0 0 0 0 0 0 0 0 0 0 
0 0 1 1 0 0 1 0 1 0 1 0 1 0 0 0 0 0 0 0 0 1 0 1 0 1 0 0 0 0 1 1 0 0 1 0 0 1 0 0 0 1 0 0 1 1 1 0 0 0 0 1 1 1 0 0 1 0 0 0 
1 0 1 0 0 0 0 0 1 1 0 1 0 0 0 1 1 0 1 0 0 0 0 0 1 1 0 0 0 0 1 0 0 0 0 0 0 0 0 0 0 0 0 0 1 1 0 0 1 0 0 0 0 1 0 1 1 0 0 0 
0 1 1 0 0 0 0 1 1 0 1 0 0 0 1 1 1 0 0 0 1 0 0 1 0 1 0 0 0 0 1 0 1 1 0 0 0 1 0 0 0 1 0 0 1 0 0 0 1 1 1 1 0 0 0 0 0 0 1 0 
1 0 1 0 1 0 0 1 0 1 1 1 0 0 0 1 0 0 0 1 0 0 0 0 0 1 1 0 0 1 1 1 0 0 0 1 0 0 1 0 0 0 0 0 1 0 0 1 0 0 0 0 0 0 1 0 0 0 0 0 
0 0 0 0 0 1 0 1 0 1 0 0 0 0 1 0 1 1 1 0 0 1 0 0 1 0 1 0 1 0 1 1 0 0 0 0 0 1 1 0 0 0 1 0 0 0 0 0 1 1 1 1 0 0 0 0 0 0 1 0 
0 0 1 1 0 0 1 0 0 0 0 0 0 1 0 0 0 0 0 0 1 0 0 1 0 0 0 0 1 0 0 1 0 0 0 0 0 1 0 1 0 0 0 0 1 0 0 0 1 0 1 0 0 0 0 0 0 0 1 1 
1 1 0 0 0 0 1 1 0 1 1 0 1 0 1 0 1 0 0 1 0 0 1 0 0 0 1 0 1 0 0 0 0 0 0 0 0 1 1 0 0 1 1 1 0 0 0 0 0 0 0 0 0 0 0 0 0 1 1 1 
0 0 0 1 0 0 0 1 0 0 0 1 1 0 0 0 0 1 0 0 0 1 1 0 1 0 0 1 0 1 1 1 0 0 0 1 0 0 1 0 1 1 0 0 1 0 1 0 1 0 0 0 0 1 0 1 1 0 0 0 
0 0 1 0 0 0 1 0 0 1 0 0 1 0 0 1 0 1 1 0 0 1 0 1 0 0 1 0 0 1 0 0 0 0 0 0 0 1 0 0 0 1 1 0 0 0 0 0 0 0 0 1 1 0 0 1 1 0 1 0 
1 0 0 1 1 0 1 1 0 0 0 0 0 1 1 0 1 1 0 0 0 0 0 1 0 0 1 0 0 0 0 0 1 0 1 1 0 1 1 0 0 0 0 0 0 0 0 0 0 1 1 0 0 0 0 0 0 1 1 1 
0 0 0 1 1 0 0 0 1 1 0 1 0 1 0 1 1 1 0 0 0 0 1 1 1 0 1 0 0 0 0 0 0 1 0 0 1 0 0 0 1 0 0 0 0 1 0 0 0 0 1 0 0 0 1 0 1 0 0 1 
0 0 0 0 1 0 0 0 0 0 0 1 0 0 0 0 0 0 1 0 1 0 1 1 0 0 1 0 0 0 0 0 1 1 0 0 1 0 0 0 1 1 1 0 0 1 0 1 0 0 0 1 1 0 1 0 0 0 1 0 
1 0 0 0 0 0 1 0 0 0 0 0 0 0 0 0 0 0 1 0 0 0 1 1 1 0 0 0 0 1 0 0 1 1 0 0 0 0 0 0 0 1 1 0 0 0 0 0 0 0 0 0 1 1 0 0 0 0 1 0 
0 0 0 0 1 1 0 0 0 1 0 0 1 0 1 1 0 0 1 0 1 0 1 1 0 1 0 1 0 0 0 0 0 0 1 0 0 1 0 1 0 0 1 0 0 0 1 0 1 0 1 0 0 0 0 1 0 0 0 1 
1 0 0 0 0 0 0 1 1 0 0 0 1 1 0 0 0 1 0 1 0 0 0 1 1 0 0 0 1 0 1 0 0 0 0 1 1 0 0 1 1 0 0 0 1 0 0 1 0 1 0 1 0 0 0 0 1 1 0 0 
0 0 1 1 1 0 0 0 0 0 0 1 0 0 0 0 0 0 0 0 1 0 0 0 0 1 0 0 0 0 0 0 0 1 0 1 0 0 1 1 0 0 1 0 1 0 1 0 1 0 0 1 1 1 1 0 0 0 1 0 
1 0 0 1 0 0 0 0 0 0 0 0 0 1 0 0 0 0 1 1 1 0 0 1 0 0 0 0 1 0 0 0 0 1 0 0 0 0 0 1 1 0 1 1 1 1 0 1 0 0 0 0 0 1 1 1 1 0 0 0 
0 1 0 0 0 1 1 0 1 0 0 1 0 1 1 0 0 0 1 0 0 0 0 0 0 0 0 0 1 0 0 0 0 0 0 1 0 1 0 0 1 1 0 0 0 0 0 1 1 0 0 0 0 0 1 0 0 0 0 0 
0 0 1 1 0 0 1 0 0 0 0 0 1 1 0 0 1 1 0 0 0 1 0 0 0 0 0 0 1 0 1 0 0 1 0 1 1 0 1 0 0 0 1 1 0 0 0 0 0 0 0 0 1 0 1 0 0 0 0 0 
1 0 0 1 0 1 1 1 0 1 0 0 1 0 0 1 1 0 1 0 1 0 0 0 0 0 0 0 0 0 1 0 1 0 0 0 0 0 0 0 1 0 1 1 0 1 1 0 1 1 0 0 0 1 0 0 0 0 0 0 
0 0 0 0 0 0 1 0 0 1 0 0 0 0 0 1 0 0 0 0 1 0 1 0 1 1 0 0 1 1 0 0 0 0 1 0 0 1 1 0 0 1 0 1 0 0 0 1 0 0 0 1 0 1 1 1 0 0 1 0 
1 0 1 1 0 1 1 0 0 0 0 0 1 0 1 0 0 0 0 1 0 0 0 1 1 0 0 0 0 1 0 1 0 0 0 0 0 1 1 0 0 0 0 0 0 0 0 1 1 0 0 1 0 1 0 1 0 0 0 0 
0 1 0 0 0 0 0 0 1 0 0 0 0 1 1 0 0 0 0 0 0 0 0 0 0 0 0 0 1 0 1 1 0 1 0 0 0 0 0 0 0 0 0 0 1 0 0 0 0 1 1 1 0 1 1 1 0 1 0 1 
0 0 1 0 0 1 0 0 1 0 0 0 0 0 0 0 0 1 1 0 1 0 0 0 0 0 1 0 1 0 0 0 0 0 1 1 0 0 0 0 0 0 0 1 0 0 1 0 0 1 1 0 0 0 1 0 1 0 0 0 
0 0 1 0 1 1 0 0 1 0 0 0 1 1 0 0 0 1 0 0 0 1 0 0 1 0 1 0 0 0 1 0 1 0 0 0 0 0 1 1 0 0 0 0 0 1 0 0 0 0 0 0 0 0 0 1 0 0 1 0 
0 0 1 0 1 0 0 0 0 0 0 1 0 0 0 1 0 0 0 0 0 0 0 0 0 0 0 0 0 0 0 0 0 1 0 1 0 0 0 0 0 0 0 1 0 0 1 1 0 1 0 0 0 0 0 1 0 0 0 0 
1 0 1 0 1 0 1 0 0 0 1 0 1 0 0 0 0 0 1 1 0 0 0 1 0 0 1 0 0 1 0 0 1 1 0 0 0 0 1 0 1 1 0 0 0 0 0 0 0 1 0 0 0 0 0 1 1 0 0 1 
0 0 1 0 0 1 0 0 0 0 0 1 1 0 1 0 0 0 0 0 0 0 0 0 0 0 1 0 1 1 1 0 1 0 0 0 0 0 0 0 0 1 1 1 1 1 0 1 0 0 1 0 0 0 1 0 0 0 0 0 
0 0 0 0 1 0 0 0 1 0 1 0 1 1 0 0 0 1 1 0 1 1 1 0 0 0 0 0 0 0 0 1 0 1 0 1 0 0 0 0 0 1 0 0 1 0 1 0 0 0 0 0 0 0 1 0 1 0 0 0 
1 0 1 0 1 0 0 0 0 0 0 0 0 1 0 0 1 0 1 1 1 0 0 1 0 0 0 0 0 1 0 0 0 1 0 0 1 0 0 0 0 1 0 0 1 0 0 1 0 1 0 0 0 1 0 0 0 0 1 1 
0 0 1 1 0 0 0 0 0 0 0 0 0 0 1 0 1 0 0 1 0 1 0 0 0 0 0 0 0 0 0 1 0 0 0 1 0 1 1 1 0 0 0 0 0 1 0 0 0 0 1 1 0 1 1 0 0 1 0 0 
0 0 0 0 1 0 0 0 1 0 0 1 1 0 0 0 1 0 0 1 1 0 0 0 0 0 0 0 1 0 0 0 0 0 1 1 1 1 0 0 0 0 0 0 0 1 1 0 0 0 0 0 0 0 0 1 1 0 0 1 
1 0 0 0 0 0 0 1 0 1 0 1 0 0 0 1 0 1 0 1 0 0 0 1 0 1 0 0 1 0 1 0 1 0 0 0 0 0 0 0 1 1 0 0 0 0 1 0 1 1 0 0 0 1 0 0 1 0 1 1 
0 0 0 1 1 0 1 0 0 0 0 1 0 1 0 0 0 0 0 1 0 0 0 1 0 1 0 1 0 1 1 0 1 0 1 0 0 0 0 0 0 0 0 0 0 0 0 1 0 1 0 1 0 0 0 0 0 0 0 1 
1 0 0 1 1 0 0 1 0 1 0 0 1 0 0 0 0 1 0 0 1 0 1 0 0 1 0 0 0 0 1 0 0 0 0 0 0 0 0 0 1 0 0 1 1 1 0 0 1 0 0 0 0 0 0 0 0 0 0 1 
0 1 0 0 0 0 0 1 1 0 0 0 0 0 1 0 1 1 0 0 1 0 1 1 0 1 0 0 0 0 0 1 0 0 0 1 0 0 1 0 0 0 0 1 0 0 0 0 1 0 0 0 0 0 0 0 0 0 0 0 
0 0 0 0 0 0 0 1 1 1 1 1 0 1 0 0 0 0 0 1 0 0 0 0 0 0 0 1 0 0 0 0 0 1 0 1 1 0 1 0 1 0 1 0 0 1 0 0 1 0 0 0 0 1 0 0 1 0 0 1 
0 0 0 1 1 0 0 0 0 0 0 1 1 0 0 0 1 0 0 0 0 0 1 1 1 0 0 0 1 0 0 1 0 1 0 0 0 0 0 0 0 1 0 1 1 0 0 0 1 0 1 0 0 0 0 1 0 0 0 0 
0 0 1 0 0 0 0 0 0 1 1 0 0 1 0 1 1 1 0 1 0 1 1 1 0 0 0 0 1 0 0 0 0 0 0 0 1 1 0 0 0 1 0 1 0 0 1 0 0 0 1 0 1 1 1 1 1 0 1 0 
0 0 1 0 0 0 1 1 1 1 0 1 0 0 1 1 0 0 0 0 1 0 1 0 1 0 0 0 1 0 0 1 0 0 0 0 1 1 1 0 1 0 0 0 0 0 0 0 0 1 1 0 1 0 0 0 0 1 0 1 
0 0 0 0 1 1 1 0 0 0 0 1 0 1 1 1 0 1 1 1 0 0 1 0 0 0 0 0 0 0 0 0 0 0 0 0 0 0 1 0 0 1 1 0 0 0 0 1 0 0 0 1 0 0 0 1 1 0 0 0 
