# Number of items
90
# Stacking height
5
# Number of stacks
72
# Item name and Appearance
# (0 for I^{fix}, 1 for I^1, 2 for I^2)
   001     0
   002     0
   003     0
   004     0
   005     0
   006     0
   007     0
   008     0
   009     0
   010     0
   011     0
   012     0
   013     0
   014     0
   015     0
   016     0
   017     0
   018     0
   019     0
   020     0
   021     0
   022     0
   023     1
   024     1
   025     1
   026     1
   027     1
   028     1
   029     1
   030     1
   031     1
   032     1
   033     1
   034     1
   035     1
   036     1
   037     1
   038     1
   039     1
   040     1
   041     1
   042     1
   043     1
   044     1
   045     1
   046     1
   047     1
   048     1
   049     1
   050     1
   051     2
   052     2
   053     2
   054     2
   055     2
   056     2
   057     2
   058     2
   059     2
   060     2
   061     2
   062     2
   063     2
   064     2
   065     2
   066     2
   067     2
   068     2
   069     2
   070     2
   071     2
   072     2
   073     2
   074     2
   075     2
   076     2
   077     2
   078     2
   079     2
   080     2
   081     2
   082     2
   083     2
   084     2
   085     2
   086     2
   087     2
   088     2
   089     2
   090     2
# Positions of Ifix-items in the format (itemName, stack, level)
   001     1     4
   002     1     2
   003     7     1
   004    12     1
   005     1     3
   006    10     1
   007     2     1
   008     4     1
   009     5     2
   010     3     2
   011     2     2
   012     3     1
   013     2     3
   014     4     2
   015     8     1
   016     9     1
   017     6     1
   018     1     1
   019     5     1
   020     6     2
   021    11     1
   022     7     2
# Stacking matrix
# Info: number of 1-entries = 3811, density = 0.48
0 0 0 0 1 1 1 0 1 1 1 0 1 1 0 0 0 0 0 0 0 0 1 0 0 0 0 1 0 0 0 0 1 0 0 1 0 1 0 1 1 1 0 0 0 0 0 1 0 1 0 0 1 1 0 1 1 0 0 1 0 1 0 0 1 0 0 0 1 1 0 1 1 1 0 1 1 0 0 0 1 1 0 1 1 0 1 0 1 1 
0 0 1 0 0 0 0 0 1 1 0 0 1 1 1 0 1 1 1 0 0 1 0 1 0 0 1 1 1 1 0 0 1 0 0 1 1 0 0 1 1 1 1 0 0 0 1 1 0 1 1 0 1 0 0 1 1 0 0 1 1 0 1 1 0 0 0 0 1 1 0 1 1 1 0 1 0 0 1 1 1 0 1 1 0 0 0 1 1 1 
1 1 0 0 1 1 0 0 0 1 1 0 1 0 0 1 0 1 0 1 0 0 1 0 0 0 0 1 0 1 0 1 1 1 0 1 0 0 0 0 0 1 0 0 1 0 1 1 0 0 0 1 1 0 0 1 0 1 0 0 1 0 1 1 1 0 1 0 0 0 0 1 0 1 1 0 0 1 0 1 0 0 0 0 1 1 0 0 1 1 
0 1 0 0 0 1 1 1 0 1 1 1 0 0 1 0 1 1 1 1 0 0 0 1 0 1 1 0 0 0 1 0 1 0 1 0 1 0 1 0 0 0 0 1 0 1 0 0 1 1 1 0 0 1 1 1 1 1 0 1 1 0 0 1 0 0 1 1 1 0 0 1 0 1 0 1 1 1 0 0 0 0 0 1 0 0 0 0 1 0 
0 1 0 1 0 1 0 1 1 1 1 1 1 0 0 1 0 1 0 0 1 0 0 0 0 0 0 1 1 1 0 0 1 0 1 0 1 0 0 1 0 1 1 0 1 1 1 0 1 1 1 1 1 1 0 0 0 1 0 1 1 0 1 0 0 0 0 0 1 0 1 1 0 0 0 0 0 0 1 0 1 1 0 1 1 0 0 0 0 0 
0 1 0 0 0 0 0 0 0 0 1 1 0 1 1 0 1 1 0 1 0 0 0 0 0 0 1 1 0 0 1 0 0 0 1 0 1 1 0 0 1 0 0 1 0 0 0 1 1 1 1 1 0 1 0 1 0 1 1 0 0 0 1 0 1 0 0 1 1 1 1 1 1 0 1 1 0 0 0 0 0 0 0 1 0 0 0 1 0 1 
0 0 1 1 0 1 0 1 0 0 0 1 0 1 0 0 0 0 1 0 0 0 1 0 0 0 1 1 1 0 0 1 1 0 1 1 0 0 0 0 0 0 0 0 1 0 0 0 1 0 1 1 1 1 0 0 0 0 1 0 1 0 0 1 0 0 1 0 1 0 0 1 1 1 1 0 0 1 0 0 1 1 1 0 0 0 0 0 0 1 
0 1 0 1 1 0 1 0 1 0 0 1 1 1 0 0 0 1 0 0 1 0 0 0 1 1 1 0 1 1 1 0 0 1 0 0 1 1 0 0 0 1 1 0 1 0 0 0 1 1 0 1 1 1 0 1 1 0 1 1 0 0 0 1 0 0 0 0 0 1 1 1 0 1 1 0 0 1 1 1 0 0 0 1 1 0 1 1 0 1 
0 1 1 1 0 0 0 1 0 0 1 0 0 0 0 1 1 1 1 1 1 1 1 0 0 0 0 0 1 1 1 1 0 0 1 0 1 1 1 0 1 1 1 0 0 1 0 1 0 0 0 1 1 0 1 0 1 1 0 1 0 0 0 1 1 1 0 1 1 0 0 1 0 1 1 1 1 0 1 0 1 1 1 1 1 1 1 1 1 0 
1 0 0 1 0 1 1 0 1 0 1 1 0 0 0 0 0 0 0 1 0 0 0 1 0 0 0 1 1 1 0 0 0 1 1 1 0 0 1 0 1 1 0 1 0 1 0 1 1 0 1 1 1 1 0 0 0 0 0 1 0 1 1 1 0 0 0 0 1 1 0 0 0 0 0 0 0 1 1 0 1 0 1 1 0 0 1 0 1 0 
0 1 1 1 1 0 1 1 1 0 0 1 1 0 0 0 1 1 0 0 0 0 1 0 0 1 1 1 0 1 1 1 0 1 0 1 1 1 1 0 1 0 1 0 0 0 1 1 0 0 1 0 0 0 1 0 1 1 0 0 0 0 0 1 0 1 1 0 0 0 1 0 0 0 1 0 0 1 1 0 0 0 1 1 0 0 0 0 1 1 
0 0 0 0 1 1 0 0 1 1 1 0 1 1 0 0 1 0 1 0 0 1 0 0 0 0 1 1 0 0 0 0 1 1 0 0 1 0 0 0 0 0 1 1 1 1 0 0 0 1 0 0 0 1 1 0 0 0 0 0 0 1 1 1 1 0 0 0 0 1 0 0 0 0 0 0 0 1 1 0 1 0 1 0 1 1 0 0 0 0 
0 0 1 0 1 0 1 1 1 1 1 1 0 0 0 1 0 0 1 0 0 1 1 1 0 1 0 1 0 1 0 1 1 1 1 0 1 1 0 1 0 0 1 1 0 1 1 0 1 0 1 1 0 1 0 0 0 0 1 0 0 0 0 1 1 0 1 1 1 1 1 0 1 1 1 1 0 1 1 1 0 0 1 0 0 1 0 1 1 1 
0 1 0 1 1 0 0 1 0 0 0 0 1 0 1 1 0 0 0 0 0 0 0 0 1 0 0 0 1 0 0 1 0 0 1 0 0 0 0 1 1 1 0 1 1 0 0 0 0 0 1 0 0 0 0 0 0 0 0 0 0 0 0 1 1 1 1 1 0 0 1 1 0 0 1 0 0 0 1 0 1 0 1 0 0 0 1 0 0 1 
1 1 0 0 1 0 0 1 1 1 0 1 0 0 0 0 0 1 1 0 1 0 1 1 1 0 1 0 0 1 1 0 0 1 1 0 1 0 1 1 1 1 1 0 0 0 0 1 0 1 0 1 1 0 1 1 0 0 1 1 1 0 0 1 1 1 1 1 1 1 1 0 1 0 1 1 0 0 1 1 0 1 0 1 1 0 0 1 0 0 
1 0 1 1 1 0 0 0 0 1 1 1 1 0 0 0 0 1 0 0 0 1 0 0 0 1 1 1 0 0 1 0 1 1 1 0 1 0 1 0 1 1 1 0 1 0 1 1 0 0 0 0 1 0 1 0 1 1 0 0 1 0 0 1 1 0 0 0 0 1 0 1 0 0 1 0 0 1 0 0 1 0 1 0 1 1 1 1 1 1 
1 1 1 0 0 1 1 0 0 1 1 0 0 1 0 1 0 0 1 1 0 1 0 0 1 0 0 1 1 0 1 1 0 1 0 0 1 1 0 1 0 0 1 0 0 1 1 0 1 1 1 1 1 1 0 0 0 0 1 1 0 0 0 1 1 0 0 1 0 1 0 0 1 0 1 0 0 1 1 1 0 1 0 0 1 1 1 1 1 0 
1 0 1 1 1 1 0 0 1 0 0 1 1 0 1 0 0 0 0 0 0 0 0 0 1 0 1 0 0 0 0 1 1 0 0 0 0 1 1 0 1 1 1 1 0 1 0 1 0 0 0 0 1 1 0 1 1 1 1 1 1 0 1 1 0 0 1 1 0 0 1 0 0 1 0 0 1 1 1 1 1 1 0 0 1 1 0 1 0 1 
1 0 1 1 0 0 0 0 0 1 0 1 0 0 0 1 1 0 0 0 1 1 1 0 1 0 0 1 1 1 1 0 0 1 1 0 1 0 1 0 0 0 1 1 1 0 0 1 0 0 0 1 1 0 1 0 1 1 1 0 0 1 0 1 0 0 0 0 1 0 1 0 0 0 1 0 0 1 1 0 0 1 0 0 1 1 0 0 0 1 
0 0 0 1 0 0 1 1 0 0 1 1 0 0 1 0 1 1 0 0 0 1 1 1 0 0 1 0 1 0 1 0 0 1 0 0 1 1 1 1 1 1 1 1 0 0 1 0 1 1 1 1 0 0 0 1 1 1 1 1 0 1 1 0 1 0 1 0 0 0 0 1 0 1 1 1 1 1 0 1 0 0 1 0 0 1 0 1 0 0 
0 0 0 1 0 0 1 1 1 1 0 1 1 0 1 0 0 1 0 0 0 0 0 0 1 1 0 0 1 0 0 0 1 1 1 0 0 1 0 0 1 1 0 1 1 1 1 1 0 0 0 0 0 0 0 1 1 0 0 0 0 0 1 0 1 0 0 1 0 0 0 1 0 0 0 0 1 0 0 0 1 1 0 1 1 0 0 0 1 1 
0 0 1 1 1 0 1 1 1 1 1 1 0 1 1 1 0 1 0 0 0 0 0 1 1 1 1 0 0 1 0 0 1 1 1 0 0 1 0 1 1 1 0 0 0 1 0 0 0 0 0 0 1 0 0 1 1 0 0 0 0 1 0 0 1 0 1 0 0 1 1 0 1 0 1 0 1 1 1 0 0 1 1 1 0 1 1 1 0 1 
1 1 1 1 0 1 0 0 0 1 1 0 0 1 0 0 1 0 0 1 0 0 0 0 1 0 1 1 0 1 0 0 0 1 1 1 0 1 1 0 1 1 1 0 1 0 1 0 1 1 0 0 1 1 1 0 1 0 0 1 0 1 1 0 1 1 0 1 1 0 1 1 0 0 0 0 0 0 1 1 0 1 1 0 0 0 0 0 0 0 
0 0 0 1 1 0 0 0 1 1 0 0 0 1 0 0 0 1 1 0 0 0 1 0 1 1 1 1 0 0 1 1 1 1 0 1 1 0 0 0 0 0 1 0 0 0 1 0 0 0 0 0 1 0 1 0 1 1 1 1 0 1 0 0 1 1 1 1 1 0 0 0 1 1 0 0 0 1 1 1 0 0 0 0 1 1 0 1 1 0 
0 0 1 0 1 0 0 0 0 1 1 1 1 0 0 0 1 1 0 1 1 0 0 0 0 0 1 1 1 0 0 1 0 1 1 1 0 0 1 0 1 0 0 0 1 0 0 1 0 1 1 1 1 0 1 0 1 0 0 0 0 1 0 0 1 0 1 1 0 1 0 0 0 0 0 0 0 0 0 1 0 0 0 0 1 0 0 0 0 0 
0 0 1 0 1 0 1 0 0 1 0 0 0 0 1 1 1 1 0 0 0 1 1 0 0 0 0 1 1 0 0 1 1 0 1 0 1 1 0 0 0 1 1 0 1 1 1 1 1 0 0 1 1 0 1 1 0 0 0 1 1 0 0 0 0 0 0 0 1 0 1 0 1 1 0 0 0 1 0 0 1 1 1 1 0 0 0 0 1 0 
0 0 1 1 0 0 0 1 1 1 0 1 0 0 0 1 0 0 0 1 0 0 0 0 1 0 0 1 1 1 1 0 0 0 1 0 1 1 1 0 1 0 0 1 1 0 0 0 1 1 0 0 0 0 0 0 1 0 0 0 0 0 1 0 1 1 1 1 1 0 0 0 0 0 0 0 0 1 0 1 1 0 1 0 1 1 0 0 1 0 
1 0 1 1 0 0 1 0 1 0 1 0 1 1 0 0 0 1 1 0 0 1 1 1 1 0 1 0 0 1 1 0 1 0 1 0 1 0 1 0 0 0 0 0 0 0 0 1 1 0 1 1 0 1 1 1 1 1 0 1 1 0 1 1 1 0 0 0 0 0 0 1 0 1 1 1 1 0 1 1 0 0 0 1 0 0 1 0 0 0 
0 1 0 0 0 0 1 1 0 1 0 0 1 0 0 0 0 1 0 0 1 1 0 1 1 1 0 0 0 0 1 0 1 0 1 1 1 0 1 0 1 0 1 1 0 0 0 1 0 1 0 1 0 1 0 0 1 0 0 0 1 1 0 1 0 1 0 1 0 1 0 0 0 1 1 1 0 0 0 1 0 1 1 0 0 0 0 0 0 1 
1 0 0 1 0 1 1 1 0 0 0 0 0 1 1 1 1 0 1 1 1 0 1 1 1 1 1 1 0 0 0 0 1 1 0 0 0 1 1 0 1 0 1 0 1 0 0 1 0 0 1 0 1 0 0 1 0 1 1 1 1 0 1 1 0 1 1 1 0 0 1 0 0 1 1 1 1 1 0 1 1 0 1 1 0 0 0 0 0 0 
0 0 1 0 0 1 1 0 0 0 1 0 0 0 1 1 0 0 1 1 1 1 0 1 0 1 0 1 0 1 0 0 0 0 1 0 0 0 0 1 1 0 0 0 0 0 1 0 0 0 0 0 0 0 0 0 1 0 0 1 0 0 0 0 0 0 1 1 0 1 1 1 1 0 1 0 0 0 1 0 0 0 0 0 1 1 1 1 0 0 
0 0 1 1 0 1 1 0 0 0 0 0 1 1 1 0 0 0 1 0 0 0 0 1 1 0 1 1 1 0 1 0 1 1 0 1 0 0 1 1 1 0 1 0 1 1 0 1 0 0 1 1 1 0 0 0 1 0 0 1 0 0 1 0 0 0 1 0 0 1 1 1 0 0 0 1 0 0 0 0 0 1 1 1 1 1 0 1 0 1 
1 0 1 1 0 0 1 1 1 0 0 0 0 1 0 1 1 1 1 1 0 0 0 1 1 0 0 0 1 0 0 1 0 0 1 0 0 0 0 1 0 0 0 1 1 1 0 1 0 1 1 0 1 0 0 1 0 0 0 1 0 1 1 1 0 1 0 0 0 0 1 0 1 1 0 0 0 1 1 1 1 1 1 1 1 1 0 0 0 1 
0 1 0 1 1 0 0 0 0 1 0 1 1 1 0 0 1 0 0 1 1 1 0 0 0 0 1 0 1 1 0 1 0 0 0 1 1 1 0 0 1 0 1 1 0 1 1 1 1 0 1 1 1 0 1 0 1 1 0 0 0 0 1 1 0 1 1 0 1 1 1 0 0 1 0 0 1 0 1 0 1 0 1 1 1 1 1 0 0 0 
0 0 1 1 1 1 0 1 0 1 0 0 1 0 1 0 1 0 1 0 0 0 0 1 0 1 0 0 0 0 1 1 1 1 0 0 1 1 1 1 1 0 1 0 1 1 0 0 0 1 0 0 0 0 1 0 1 1 1 0 0 1 0 0 0 0 0 1 0 1 0 0 0 1 1 0 0 0 1 0 1 1 1 1 1 0 0 0 1 1 
0 0 0 0 0 1 0 1 1 0 0 1 0 0 1 0 0 1 1 0 0 0 0 1 0 0 1 0 1 0 1 0 1 0 0 0 1 0 1 0 1 0 1 0 0 0 0 0 1 1 1 0 1 1 1 1 1 1 0 0 0 0 0 1 0 1 0 1 0 1 1 1 0 1 1 0 0 0 0 1 1 0 0 0 1 1 0 0 0 1 
1 0 1 1 1 0 1 0 1 0 1 0 1 0 0 1 1 0 1 0 0 0 1 1 1 0 1 1 0 1 1 0 0 1 0 1 0 1 1 0 0 0 0 1 0 1 0 1 0 1 1 1 0 0 1 1 1 1 1 1 0 0 0 0 0 1 1 0 1 1 1 1 0 0 1 0 1 1 1 1 1 0 1 0 1 0 1 1 1 1 
1 1 1 1 1 1 0 1 0 1 0 0 0 0 1 1 1 1 0 1 0 1 0 0 1 1 0 0 1 0 0 0 0 1 0 0 0 0 1 0 0 1 1 0 0 0 0 0 0 0 1 0 0 1 0 1 1 1 0 1 0 0 0 0 0 1 1 1 1 1 1 0 1 1 1 0 1 1 0 0 1 0 1 1 1 0 1 0 0 0 
0 1 1 0 1 0 0 0 0 1 0 1 1 0 1 0 1 1 1 1 0 1 0 1 0 1 1 0 0 0 1 0 1 0 0 1 1 1 0 0 0 0 1 0 0 0 0 0 0 0 0 1 0 1 0 0 1 0 0 0 0 0 1 1 1 1 1 1 0 1 1 1 0 1 0 1 0 0 1 0 1 1 1 1 1 0 0 0 1 1 
0 0 1 0 0 1 1 1 1 1 1 1 1 0 1 1 1 0 1 0 1 0 1 0 0 1 0 0 1 1 1 0 1 0 0 1 1 0 0 0 1 0 0 0 1 0 0 0 1 0 0 1 0 1 0 1 0 1 0 1 0 1 1 1 1 1 1 1 0 0 0 1 0 1 0 0 1 0 1 1 1 0 0 0 0 1 0 1 1 1 
1 0 0 0 1 0 1 1 0 0 0 0 1 0 1 1 0 1 1 1 0 0 0 0 1 0 1 0 1 1 1 1 1 1 1 1 1 0 0 1 0 0 1 0 1 1 1 0 1 1 0 1 1 0 1 0 1 1 0 1 0 1 1 1 0 0 0 0 0 1 0 0 0 0 1 1 1 0 0 0 1 1 0 1 1 0 1 0 1 1 
1 1 0 0 1 1 1 0 0 1 0 0 1 1 0 0 0 1 0 0 1 0 0 1 1 0 1 1 0 1 1 1 0 1 0 0 1 0 0 0 0 0 1 0 1 1 1 0 1 0 1 1 0 0 0 1 0 1 0 0 1 0 1 0 1 0 0 0 0 1 1 0 0 1 1 1 0 0 1 1 0 1 0 1 0 0 0 0 0 1 
0 0 0 0 0 0 0 1 0 1 1 0 0 1 1 1 1 1 1 0 0 1 0 1 1 1 1 1 0 0 1 0 1 1 0 1 1 0 0 1 1 0 0 1 0 0 0 1 0 0 1 0 1 0 1 1 1 1 1 0 1 1 1 1 0 0 0 0 1 0 0 1 1 0 0 0 1 1 1 1 0 1 0 0 0 1 0 1 0 0 
0 0 1 1 0 0 1 0 0 1 1 1 0 1 1 1 0 1 0 1 1 0 0 1 1 1 0 1 1 1 0 0 1 1 0 1 0 0 0 1 0 1 1 0 1 1 0 1 1 1 0 0 0 0 0 0 0 0 1 0 1 1 0 0 1 0 1 1 1 1 1 1 0 0 1 0 0 0 1 0 0 1 1 0 0 1 0 1 1 1 
0 0 1 1 1 1 1 1 0 1 0 0 1 1 0 0 1 0 1 1 0 0 0 1 0 0 0 0 1 1 0 0 0 0 1 1 1 1 0 1 1 1 0 0 0 0 0 1 1 1 1 0 1 0 0 0 0 0 0 0 1 1 1 1 1 0 1 0 0 1 1 1 0 0 0 1 1 1 0 0 1 1 0 1 0 0 1 0 1 1 
1 0 1 1 0 0 1 0 1 0 0 1 1 0 0 0 1 1 0 0 0 0 1 1 1 1 0 0 1 0 1 0 1 1 0 0 1 1 0 0 1 0 1 1 0 0 0 0 1 1 1 1 1 0 0 1 0 0 0 0 1 0 0 1 1 0 1 1 0 0 1 0 0 0 1 1 0 0 0 0 1 0 1 1 1 1 1 0 0 1 
0 0 0 0 0 1 0 0 1 0 1 0 1 0 1 1 0 0 0 1 1 1 0 0 0 1 0 0 0 0 0 1 1 0 0 1 0 0 0 0 1 0 1 0 0 0 0 1 1 0 1 0 0 1 0 1 1 1 1 1 0 0 1 0 1 0 1 1 0 0 0 0 0 1 1 0 0 0 0 1 1 0 1 1 0 0 1 0 0 0 
0 0 1 0 1 1 1 1 1 1 0 1 0 1 1 0 1 0 1 1 0 1 1 0 0 1 0 0 0 1 0 0 0 1 1 1 0 1 1 1 1 0 1 1 0 1 0 0 0 1 0 1 1 1 1 1 0 0 0 1 0 0 0 0 0 1 1 1 0 1 1 0 0 0 1 0 0 1 0 1 1 1 0 0 0 1 0 1 0 0 
0 1 0 1 1 1 1 1 1 1 0 0 0 1 1 0 1 0 0 1 0 0 1 0 1 0 1 1 0 1 1 1 0 1 0 0 1 1 1 0 0 1 0 1 1 1 0 0 0 1 0 0 1 1 1 0 1 0 1 0 1 0 1 0 1 1 0 0 0 1 0 1 1 1 1 0 1 1 0 1 1 1 1 0 0 1 0 1 1 0 
1 0 1 1 1 0 1 0 1 1 1 0 0 1 1 0 0 1 0 0 1 0 1 0 1 1 1 0 0 0 1 1 0 0 1 0 1 1 1 1 0 1 1 0 0 1 0 0 0 0 1 1 1 1 1 1 1 0 1 1 0 0 0 0 1 0 0 1 1 1 0 1 0 0 1 1 1 1 0 0 0 0 0 0 1 1 0 1 1 1 
0 1 1 1 0 1 0 0 0 1 1 0 1 0 0 0 1 1 1 0 0 0 0 0 0 1 0 1 0 1 0 0 0 1 0 0 0 1 0 0 1 0 0 0 1 1 0 0 1 0 0 0 0 1 1 0 1 1 1 0 1 1 0 0 0 0 0 1 0 0 1 1 1 1 0 0 1 0 0 1 1 0 0 0 0 1 0 1 1 0 
1 1 0 1 1 1 0 1 0 0 1 0 0 1 1 1 1 1 1 0 0 0 1 1 0 1 0 0 0 1 0 1 0 1 0 0 0 0 0 1 1 0 1 0 0 1 0 1 1 0 0 0 1 1 0 1 0 1 0 0 1 1 0 1 0 0 0 0 0 1 1 1 1 1 0 1 0 1 1 0 0 0 0 1 0 0 1 0 0 1 
0 0 0 1 0 0 1 0 1 0 1 1 0 0 0 1 1 1 0 1 1 1 1 0 0 0 1 0 1 0 1 0 1 0 1 1 0 0 1 0 0 1 0 0 0 0 1 1 1 0 0 0 0 0 1 1 1 0 0 1 0 1 0 1 1 0 1 0 1 0 0 0 1 0 1 1 0 0 0 1 0 0 1 1 1 0 1 0 1 0 
0 1 0 1 0 1 0 1 1 1 1 0 0 0 0 1 1 0 0 0 1 1 1 1 0 1 1 0 1 1 0 1 1 1 0 0 1 0 0 0 0 0 1 0 0 0 0 1 0 0 0 0 0 0 0 0 1 0 0 1 0 1 1 0 0 0 1 1 0 1 1 0 1 1 0 0 0 0 1 1 0 1 0 0 0 0 0 1 1 0 
0 0 0 1 1 0 0 0 0 0 0 1 1 1 1 0 1 1 0 1 1 0 0 1 0 1 1 1 1 0 0 1 1 0 1 1 0 0 0 1 0 1 0 0 0 1 0 0 0 0 1 0 0 0 0 0 0 1 1 0 0 0 0 1 0 0 0 0 1 0 0 1 0 0 0 1 0 0 0 1 0 0 0 1 0 1 1 0 1 1 
0 0 1 0 0 0 1 0 0 0 1 1 1 0 1 1 0 0 0 1 1 0 1 1 0 0 1 0 1 0 1 0 0 0 0 1 0 0 0 0 1 0 1 0 1 1 0 0 1 0 1 0 0 0 0 0 1 0 1 0 0 1 0 0 0 1 1 1 1 0 0 1 0 0 0 0 1 1 1 1 0 1 1 0 1 1 0 1 0 1 
1 1 1 0 0 1 1 0 1 0 1 0 1 0 0 0 0 0 0 1 0 0 1 0 0 1 0 0 0 0 0 0 0 1 1 1 1 1 0 0 1 1 0 1 0 0 0 0 1 0 0 1 1 1 0 1 0 0 0 1 0 0 1 1 0 0 0 0 1 0 0 1 1 0 1 1 1 1 1 1 0 0 0 1 0 1 1 1 1 0 
0 0 0 1 1 0 0 0 1 0 1 0 0 0 0 1 1 1 1 0 0 1 1 0 1 1 0 1 0 1 0 1 1 1 1 1 1 1 0 0 1 1 1 0 0 1 1 1 0 0 1 1 0 1 0 0 1 0 0 0 0 1 0 1 0 0 0 1 0 0 0 1 1 1 0 1 0 0 1 0 1 1 0 1 0 1 0 1 0 0 
1 0 0 0 1 0 0 1 1 1 0 0 0 1 0 1 1 1 0 0 1 1 1 0 1 1 1 1 1 0 0 0 1 1 0 0 0 1 1 1 0 1 0 1 1 0 1 1 0 1 0 0 0 1 1 1 0 0 0 0 0 1 0 1 0 0 1 1 1 1 0 0 1 1 0 1 1 1 0 0 0 1 1 1 0 1 1 1 0 0 
1 0 0 0 1 1 0 1 0 1 0 0 0 1 0 1 1 0 1 0 1 0 1 0 1 0 0 1 0 0 1 1 1 1 1 0 1 0 0 0 1 1 1 0 1 1 1 1 1 1 1 1 0 1 0 0 0 1 1 0 1 0 0 1 1 0 1 1 0 0 1 1 1 1 1 1 1 0 1 0 1 1 1 1 0 1 1 1 0 1 
0 1 0 1 1 1 0 0 0 0 0 1 0 0 0 1 1 0 1 0 0 0 1 0 0 1 0 1 1 1 0 0 0 0 1 0 0 1 0 0 0 1 0 0 0 0 1 0 0 0 0 0 0 1 0 1 0 0 1 0 0 1 1 0 1 0 0 0 0 1 1 0 0 1 1 1 0 0 0 0 1 1 0 1 0 0 1 0 1 0 
0 0 0 1 0 0 0 1 0 0 0 0 1 0 0 0 1 1 1 1 0 0 0 1 0 0 0 1 0 1 1 0 1 0 0 1 0 0 0 0 1 0 0 1 0 1 0 1 1 1 1 1 1 0 0 0 1 0 1 1 0 0 1 0 1 1 1 0 0 0 1 1 1 1 1 1 0 1 0 0 1 1 0 0 0 0 0 1 1 0 
1 0 0 0 1 0 0 1 1 0 0 0 0 1 1 0 0 0 1 0 0 1 0 1 1 1 1 1 1 1 0 1 1 0 1 0 1 0 1 1 1 0 0 1 0 1 1 0 0 1 0 1 0 1 1 0 0 0 0 0 0 1 0 0 0 1 1 1 0 1 0 0 1 0 1 0 1 1 1 0 0 0 1 0 0 1 1 1 0 1 
0 0 0 0 0 0 0 0 0 1 0 1 1 1 1 0 0 1 0 0 0 0 1 0 0 0 1 1 1 1 1 1 0 0 0 0 1 0 1 0 1 1 0 0 1 1 0 1 1 0 1 0 1 1 1 0 0 0 0 0 0 1 0 0 1 0 0 0 0 1 0 0 1 1 1 1 0 0 1 0 1 0 1 0 0 0 0 1 0 1 
1 1 1 0 0 0 0 0 0 0 0 0 0 1 0 0 0 1 0 1 0 0 1 0 0 0 1 0 0 0 0 1 0 1 0 0 0 0 1 0 0 1 1 1 0 0 1 1 0 1 1 1 1 1 0 0 1 0 1 1 0 1 1 0 0 1 1 1 0 1 1 1 1 1 1 0 0 0 0 1 1 0 0 0 1 1 1 0 1 1 
0 1 0 1 0 1 0 1 0 0 1 1 0 1 0 1 0 1 1 1 0 0 0 1 0 0 1 0 1 0 1 1 0 1 1 1 0 1 1 1 1 1 1 1 1 0 1 1 1 1 0 1 0 0 1 1 1 1 0 0 0 0 1 0 0 0 0 1 0 0 0 0 1 0 1 1 0 0 1 1 0 1 0 1 0 0 0 1 1 0 
0 0 0 1 1 1 0 0 1 1 1 0 1 1 1 1 1 1 0 1 1 0 0 0 1 0 1 0 0 1 1 1 0 0 1 0 1 0 1 1 0 1 0 1 0 0 0 1 1 1 0 0 0 1 0 0 1 0 1 0 0 0 1 1 1 1 0 1 1 1 0 0 0 0 1 0 1 0 0 1 1 1 1 1 1 0 0 0 1 0 
1 1 0 0 0 1 1 1 0 0 0 0 1 0 0 0 0 0 1 0 0 1 0 0 1 0 0 0 1 1 0 0 0 1 0 1 0 1 1 0 0 1 1 0 1 1 1 1 0 0 0 0 0 0 1 1 1 0 1 1 0 0 1 0 0 1 1 0 0 1 1 1 1 1 1 0 0 1 1 0 1 1 1 1 0 1 1 0 0 0 
0 1 0 1 0 1 1 0 0 0 1 1 0 0 0 1 1 0 1 1 0 1 0 1 0 0 1 0 0 0 0 1 0 1 0 0 0 0 0 0 1 1 0 0 1 0 1 0 0 0 1 1 1 1 1 1 1 1 1 0 1 0 0 0 0 0 0 1 0 0 0 0 0 0 0 1 1 0 0 1 0 1 1 0 1 0 1 0 1 0 
1 0 1 0 0 0 1 1 1 0 0 0 1 0 1 0 0 1 1 0 0 1 1 0 1 1 1 0 1 0 0 1 0 1 1 0 0 0 0 1 0 0 1 1 0 0 1 1 0 0 0 0 0 0 1 1 1 1 0 0 1 1 1 0 1 0 0 0 0 0 1 0 1 1 1 1 0 1 0 0 1 0 0 0 1 0 1 1 0 1 
0 0 0 1 0 0 0 0 1 0 0 1 0 1 0 0 0 1 0 0 1 1 0 0 0 0 0 1 0 1 1 0 1 1 1 0 1 0 1 0 1 0 0 1 0 0 1 1 0 0 1 1 1 1 0 1 1 1 1 1 1 1 0 0 0 1 0 1 0 0 0 0 0 1 1 0 0 0 1 0 0 1 0 1 0 0 1 0 1 0 
1 1 0 0 0 1 0 0 0 0 1 1 0 1 0 1 1 0 1 1 0 0 1 1 1 0 1 1 1 0 1 0 0 1 0 0 0 0 1 0 0 1 0 0 0 1 1 1 0 1 1 1 0 0 0 1 0 0 1 0 1 0 0 1 1 0 0 0 1 1 1 0 0 0 0 1 0 1 1 0 0 1 0 1 0 0 0 1 0 0 
0 0 0 1 0 0 1 1 0 1 0 1 0 1 0 1 0 0 1 0 1 1 0 1 0 1 1 1 0 1 0 0 0 1 0 1 1 1 1 0 0 1 1 1 1 0 0 1 0 1 1 1 0 1 0 1 0 0 1 1 1 0 0 0 0 0 0 0 0 1 1 0 0 0 0 1 0 0 0 1 1 1 0 0 0 0 1 0 1 1 
1 1 0 0 0 0 1 1 0 0 0 1 1 1 1 1 1 1 0 0 1 1 1 0 1 0 0 1 0 0 1 1 0 0 1 0 0 1 0 1 1 0 0 1 1 1 1 1 0 0 0 1 1 1 0 0 1 1 1 0 1 1 1 1 1 0 1 1 1 0 1 0 1 0 0 1 0 0 0 1 0 1 1 1 1 1 0 0 1 1 
1 1 1 0 0 0 0 1 1 0 0 1 0 0 1 1 0 0 0 1 1 0 1 1 1 0 1 0 1 1 0 0 0 0 1 1 1 0 0 0 0 0 1 0 1 1 0 0 0 0 0 0 0 0 0 0 1 0 0 1 0 0 0 1 0 1 1 0 0 1 1 0 1 1 0 0 1 1 0 0 1 1 1 0 0 0 1 0 0 1 
0 0 0 0 1 1 0 1 0 1 0 1 1 1 1 0 1 1 0 0 0 0 0 1 1 0 1 1 1 0 1 1 1 1 1 0 0 1 1 1 1 0 0 0 1 0 0 0 1 0 1 0 1 0 1 1 1 0 1 0 0 0 1 0 0 1 0 0 0 1 1 0 0 0 0 0 0 0 0 0 1 0 0 0 0 0 0 0 0 0 
0 0 0 0 0 0 0 0 0 0 0 1 1 0 0 1 1 1 1 1 1 0 0 0 1 1 0 1 1 1 1 0 0 0 1 1 1 1 1 1 1 1 0 0 0 0 0 1 1 1 0 1 0 0 1 0 0 1 1 0 0 0 0 0 1 1 1 0 1 1 0 0 1 0 0 1 0 0 0 0 1 1 0 1 1 0 0 1 1 1 
0 0 1 0 1 1 1 0 0 1 1 0 0 1 1 0 1 0 1 0 1 1 1 0 0 0 0 1 1 1 1 1 1 1 0 1 1 1 0 1 1 1 1 0 1 1 0 1 0 0 1 1 0 0 1 1 0 1 1 0 0 1 0 0 0 0 0 1 1 0 0 0 1 0 0 0 1 0 0 0 0 0 0 0 0 1 1 1 1 0 
1 0 0 0 1 0 1 1 0 0 1 0 1 1 0 0 0 1 1 0 1 1 0 1 1 0 0 1 1 0 0 1 0 0 0 1 0 0 1 1 1 1 0 0 0 0 0 1 0 1 1 1 1 1 0 0 0 0 1 0 1 0 1 0 1 1 0 0 0 0 1 1 0 1 0 1 0 0 0 0 1 1 1 1 1 1 0 1 0 0 
1 0 0 1 1 0 0 1 0 0 0 1 1 1 0 1 1 0 1 1 1 1 1 0 0 1 0 0 1 1 1 1 1 0 0 0 0 0 0 1 1 1 0 1 0 0 1 0 0 1 0 1 0 1 0 0 0 0 0 1 0 0 1 0 1 1 1 0 1 0 0 0 0 1 1 0 0 1 0 0 1 1 0 1 1 0 1 1 1 0 
0 1 1 1 1 0 1 0 1 0 1 0 0 1 1 1 0 0 1 0 1 0 0 1 1 0 0 1 0 0 0 0 1 1 1 0 0 1 0 0 0 0 1 1 0 0 0 1 1 1 1 1 1 0 0 1 0 1 0 0 1 1 0 1 1 0 1 1 0 1 1 1 0 0 0 0 1 0 1 0 0 0 1 1 1 0 0 0 1 0 
0 0 0 1 0 1 0 0 0 0 1 0 1 1 0 0 1 0 0 0 0 0 1 1 0 1 1 0 0 0 1 1 0 0 1 0 1 1 1 1 1 1 0 1 1 0 1 0 1 1 1 1 1 0 0 1 1 0 1 0 0 1 1 0 0 1 1 0 0 1 1 0 1 1 0 1 1 0 1 1 0 0 1 1 1 0 0 1 0 0 
1 1 0 0 0 0 0 0 1 1 0 1 1 0 0 0 0 1 1 1 1 1 0 0 1 1 0 0 0 1 1 1 0 0 0 1 0 0 0 0 1 1 1 1 0 1 0 1 1 1 1 0 0 0 0 1 0 0 1 1 1 0 0 1 1 0 0 0 0 1 0 1 0 0 0 0 0 0 1 0 0 1 0 0 0 0 0 0 0 0 
0 1 0 0 1 0 1 0 0 0 0 0 1 1 0 0 0 1 0 0 1 0 1 1 0 1 1 1 1 0 1 0 0 0 0 0 0 1 0 1 1 1 1 1 1 1 0 1 0 1 1 1 1 1 0 0 1 1 1 0 1 1 1 0 1 1 0 0 0 0 0 1 1 0 0 0 1 1 0 0 0 0 0 0 0 1 0 1 1 1 
0 0 1 1 0 0 0 0 1 1 0 1 1 0 1 1 1 0 0 1 0 1 0 1 1 1 1 0 1 0 1 0 0 1 1 1 0 1 0 1 0 0 1 0 0 1 1 0 1 1 0 1 1 0 1 1 0 0 1 1 0 0 1 1 0 1 1 0 1 1 0 1 0 0 0 0 1 0 0 0 0 0 0 0 0 0 1 0 1 0 
1 0 1 0 0 1 0 1 0 0 0 0 1 0 0 0 1 0 1 1 1 0 0 0 1 1 1 1 1 1 0 0 0 0 0 0 0 1 1 0 1 0 0 1 1 1 0 1 1 1 1 0 0 1 0 0 1 0 0 1 0 1 1 1 1 1 1 0 0 0 0 0 1 0 0 1 1 1 0 0 0 1 0 1 0 0 0 1 1 0 
0 0 1 1 1 1 0 0 1 1 1 1 1 1 0 0 1 0 0 0 0 1 0 1 1 0 0 1 0 1 0 1 1 0 0 0 1 0 0 1 0 1 1 1 1 0 0 1 1 1 1 1 0 1 0 0 1 1 1 0 1 1 1 0 0 0 0 0 1 0 0 0 1 1 1 1 0 1 0 1 1 1 1 1 0 0 0 0 1 1 
1 1 1 0 0 0 1 0 0 0 1 0 1 0 0 1 0 1 1 1 0 1 1 1 0 1 0 0 1 1 0 0 1 0 1 0 0 1 0 1 0 1 1 1 0 1 0 1 0 0 0 1 0 1 0 0 0 0 1 0 1 1 1 0 0 0 1 0 0 0 0 0 1 1 1 0 0 1 0 1 1 0 0 0 1 0 1 0 1 1 
1 0 0 0 0 1 1 1 1 0 0 0 0 1 0 1 0 1 0 1 1 0 0 0 0 1 1 1 1 0 0 0 1 0 1 1 0 1 0 0 1 1 1 1 0 0 1 0 0 0 1 1 1 0 0 0 0 1 1 1 0 1 1 0 1 1 0 0 0 0 0 1 1 0 0 0 0 1 0 1 0 0 1 0 0 0 0 1 0 0 
0 1 1 0 1 1 1 0 1 1 1 0 1 1 0 0 1 0 1 0 0 1 1 1 1 0 0 0 1 0 1 1 0 0 0 0 1 0 0 0 1 0 1 1 0 1 1 0 0 0 1 0 0 0 1 1 0 0 0 0 0 0 0 0 0 0 1 1 0 0 0 1 1 1 0 1 0 0 0 0 0 1 0 0 0 1 0 0 0 0 
