# Number of items
60
# Stacking height
5
# Number of stacks
48
# Item name and Appearance
# (0 for I^{fix}, 1 for I^1, 2 for I^2)
   001     0
   002     0
   003     0
   004     0
   005     0
   006     0
   007     0
   008     0
   009     0
   010     0
   011     0
   012     0
   013     0
   014     0
   015     0
   016     0
   017     0
   018     0
   019     0
   020     0
   021     0
   022     0
   023     0
   024     0
   025     0
   026     0
   027     0
   028     0
   029     0
   030     1
   031     1
   032     1
   033     1
   034     1
   035     1
   036     1
   037     1
   038     1
   039     1
   040     1
   041     1
   042     1
   043     1
   044     1
   045     1
   046     1
   047     1
   048     1
   049     1
   050     1
   051     1
   052     1
   053     1
   054     1
   055     2
   056     2
   057     2
   058     2
   059     2
   060     2
# Positions of Ifix-items in the format (itemName, stack, level)
   001     3     1
   002     2     1
   003    11     1
   004     5     2
   005     3     3
   006     6     1
   007     8     2
   008     6     2
   009     1     3
   010     9     1
   011     6     3
   012     7     1
   013     7     2
   014     3     2
   015     5     1
   016     5     3
   017     2     3
   018     1     2
   019    13     1
   020     2     2
   021     4     2
   022     9     2
   023     4     3
   024     4     1
   025     1     1
   026    12     1
   027    10     1
   028     8     1
   029     7     3
# Stacking matrix
# Info: number of 1-entries = 2064, density = 0.58
0 0 1 0 0 1 1 1 0 0 1 0 1 1 1 1 1 0 0 0 0 0 0 1 1 1 1 0 0 1 1 1 0 1 1 1 0 0 1 1 1 0 0 0 0 0 1 1 1 0 1 0 1 1 0 0 1 0 1 1 
1 0 0 0 1 0 0 1 0 1 1 1 1 0 0 1 0 0 0 0 1 1 1 0 1 1 1 1 0 1 1 1 1 1 1 1 0 0 1 0 1 1 1 0 0 0 0 0 0 0 1 0 1 1 1 1 1 1 1 1 
0 1 0 0 0 0 0 0 1 1 1 1 1 0 0 0 1 0 1 0 1 0 0 0 1 0 0 1 0 1 1 0 0 0 1 0 1 0 1 1 1 1 0 0 0 1 0 1 1 0 1 1 1 0 1 0 0 1 1 1 
1 0 1 0 1 0 0 1 1 1 0 0 1 1 1 1 1 1 0 0 1 1 0 1 1 0 1 1 1 0 0 1 1 1 0 1 0 1 1 1 1 0 1 0 0 0 1 0 1 0 0 1 1 0 1 0 0 1 1 1 
0 0 0 0 0 0 1 0 1 1 1 1 1 1 0 1 0 1 1 0 1 0 1 1 1 0 1 1 1 1 1 1 1 1 0 0 1 0 0 0 1 1 0 0 1 0 1 0 1 1 1 0 1 1 1 1 1 1 1 0 
1 0 1 1 1 0 0 1 0 0 1 0 1 1 0 1 0 1 1 1 1 0 1 0 0 0 0 0 0 1 0 1 0 1 1 0 1 1 1 1 1 0 1 1 0 0 0 1 1 0 0 1 1 0 0 0 1 0 1 0 
0 1 1 1 0 1 0 1 1 1 0 0 0 1 1 1 1 0 1 0 0 0 1 1 1 0 1 1 1 0 0 0 1 1 1 0 1 1 1 1 1 1 0 1 1 1 1 0 1 1 1 1 1 1 0 0 0 0 1 1 
0 0 0 1 1 1 1 0 0 1 1 0 1 1 0 1 1 0 0 1 0 1 0 1 0 0 1 1 1 1 0 1 0 0 1 1 0 0 1 0 0 1 1 0 0 0 0 1 1 1 1 0 1 0 0 0 1 0 0 1 
1 1 1 0 0 1 0 1 0 0 0 0 1 0 0 1 0 1 0 0 1 0 0 0 1 1 0 1 1 0 1 0 1 1 1 0 0 1 0 0 1 0 1 1 1 0 0 0 1 0 1 1 1 1 1 1 1 1 0 1 
1 0 0 0 0 0 1 1 0 0 1 0 1 0 0 1 1 1 0 1 1 0 1 1 1 1 0 0 1 0 1 1 1 1 1 1 1 0 1 1 1 0 0 0 1 0 1 1 0 0 1 1 1 1 1 0 1 1 1 0 
1 1 0 1 0 0 1 1 1 1 0 1 1 0 0 0 0 1 0 0 1 0 1 1 1 0 1 1 1 0 0 1 1 0 0 1 1 1 0 1 0 1 0 0 0 0 1 1 0 1 1 0 1 1 0 1 1 0 1 0 
1 0 1 1 0 1 1 0 0 0 1 0 1 0 0 0 0 1 1 0 1 0 0 1 0 0 1 0 1 1 0 1 0 0 0 0 0 1 0 1 0 0 1 1 1 0 0 0 1 1 0 1 0 1 0 0 0 0 1 1 
0 1 0 0 0 1 0 1 0 1 0 1 0 1 1 1 1 1 0 1 1 1 1 1 0 0 1 0 1 1 0 1 0 1 0 1 0 0 1 1 1 0 1 1 0 1 1 1 0 0 0 1 0 0 0 1 1 1 1 1 
1 0 1 0 0 1 1 1 1 1 0 0 1 0 1 0 0 0 0 1 1 1 1 1 1 1 0 0 1 1 1 0 0 0 1 0 1 1 1 1 1 1 1 0 1 1 1 1 1 0 1 0 0 1 0 1 1 1 1 1 
1 0 1 1 1 1 1 0 1 1 1 0 1 1 0 1 0 1 1 0 0 1 0 1 0 0 1 0 1 1 1 1 1 1 1 1 1 1 0 1 0 0 1 0 1 1 0 0 1 1 0 0 0 0 1 0 0 1 0 1 
1 1 1 1 1 1 1 1 1 1 1 1 1 0 0 0 0 1 1 1 0 0 1 1 0 1 1 1 0 1 1 0 1 1 0 0 1 1 1 0 0 1 1 1 1 1 0 1 1 0 1 1 1 1 1 1 1 1 0 1 
1 1 0 0 1 1 0 0 1 1 1 1 1 0 1 0 0 1 0 1 1 1 1 1 1 1 0 0 1 1 0 1 0 0 1 0 1 0 1 0 0 1 1 0 0 1 1 1 1 1 1 1 1 0 0 1 0 0 1 1 
0 1 0 0 0 1 1 1 0 1 1 0 1 1 0 0 0 0 1 1 1 1 1 0 1 0 0 1 1 0 1 0 1 1 1 1 1 1 0 1 1 1 1 0 1 1 0 1 1 0 0 1 0 0 1 1 1 1 1 1 
1 1 1 1 1 0 0 1 1 0 1 1 0 1 0 0 1 1 0 1 0 0 1 0 1 1 0 1 0 0 1 1 0 1 1 1 0 1 0 0 1 1 0 1 0 1 1 1 1 1 0 1 1 1 1 1 0 0 0 0 
1 1 1 1 0 0 0 1 1 1 1 1 1 0 1 0 1 1 0 0 0 0 1 1 1 0 1 0 1 1 0 0 0 1 0 1 0 0 1 1 0 1 0 0 1 1 0 0 1 1 0 1 1 0 1 1 0 1 0 1 
0 1 1 1 0 1 0 0 0 1 0 1 0 1 1 0 1 1 0 1 0 0 1 1 1 0 0 1 1 1 0 0 1 0 1 0 0 1 0 1 1 1 0 0 0 1 1 0 0 1 0 0 0 1 1 0 0 0 0 1 
1 1 1 1 1 1 1 1 0 1 0 0 1 0 1 0 0 0 1 1 1 0 1 0 1 0 0 0 1 1 0 1 1 1 1 1 0 0 1 0 0 0 1 0 1 1 1 1 1 1 1 1 1 0 1 0 1 1 0 0 
1 0 1 1 1 0 0 1 1 0 1 1 1 0 0 1 1 0 1 0 1 0 0 1 1 1 1 1 1 1 0 1 0 0 0 0 1 1 0 0 0 1 0 1 1 1 0 0 1 1 1 1 1 0 1 0 0 1 0 1 
1 0 0 0 1 1 1 0 1 0 1 0 1 1 0 1 0 0 1 0 0 1 0 0 0 0 1 0 1 1 0 1 1 0 1 0 1 1 1 0 1 1 1 0 1 1 1 0 1 0 0 1 0 0 0 1 0 0 1 1 
0 1 1 1 0 1 1 1 0 0 0 1 0 0 0 1 1 1 1 1 1 1 1 1 0 1 1 1 1 0 1 1 0 0 1 1 0 0 0 0 0 1 0 1 1 1 1 1 1 0 1 0 0 0 1 1 0 1 0 0 
0 0 1 0 1 0 0 0 1 1 0 0 1 1 0 1 0 0 0 1 0 1 1 1 1 0 1 1 1 0 0 1 0 1 1 0 1 0 1 0 0 0 0 1 1 1 1 0 0 0 1 1 0 1 1 1 1 1 1 0 
0 0 1 0 0 1 1 1 1 0 1 0 1 0 1 1 0 1 1 0 1 0 1 1 1 0 0 0 1 0 1 0 1 1 1 0 0 1 1 0 1 0 1 0 1 0 0 0 0 0 1 0 0 1 0 0 1 1 1 0 
1 1 0 0 1 1 0 1 1 1 0 1 1 1 1 1 1 0 0 1 0 1 0 1 0 0 1 0 1 1 1 1 0 1 1 1 0 0 1 1 1 0 1 1 1 1 1 1 1 1 1 0 1 0 0 1 1 0 0 1 
0 1 1 1 1 1 0 1 1 1 0 1 1 1 1 1 1 0 1 1 0 1 1 1 0 1 1 0 0 1 1 1 0 1 0 0 1 1 0 0 0 1 1 0 1 1 0 1 1 1 0 0 1 1 1 1 0 0 0 1 
1 1 1 0 0 1 0 0 1 0 1 0 0 0 0 0 0 0 1 1 1 1 1 1 1 0 1 1 0 0 0 0 1 1 0 0 1 0 1 0 1 1 1 1 0 1 0 0 0 0 0 1 1 0 1 0 0 1 0 1 
1 1 1 1 1 1 1 0 0 1 1 0 0 1 1 0 1 1 1 0 0 1 1 1 1 1 1 0 0 0 0 1 1 1 0 1 1 1 1 1 0 0 0 1 1 0 1 1 0 0 1 1 1 0 1 1 0 0 1 0 
1 1 0 0 1 1 1 1 1 1 0 0 1 1 0 1 0 1 1 1 0 1 1 0 0 0 1 0 0 0 1 0 0 0 1 0 0 0 1 0 1 1 0 0 1 1 1 1 0 0 1 1 1 0 1 1 0 1 0 0 
0 1 1 1 1 0 1 1 0 0 1 1 1 1 0 0 1 0 0 1 1 0 0 0 1 1 1 0 1 0 0 0 0 1 0 0 0 1 1 0 1 1 0 1 0 0 1 0 1 1 0 1 1 1 1 1 1 1 1 0 
1 0 1 1 0 0 1 1 1 0 0 1 1 1 1 0 0 1 1 1 1 1 1 0 1 1 0 1 0 1 0 1 1 0 0 1 1 1 0 1 0 1 0 0 1 1 0 1 0 0 0 0 0 1 1 1 1 0 1 0 
1 0 0 0 1 1 0 1 1 0 0 1 0 0 0 0 1 1 1 0 1 1 0 1 0 0 1 1 1 1 1 0 1 1 0 0 0 1 0 1 1 1 1 1 0 1 1 0 0 0 1 0 1 0 1 1 0 1 0 1 
1 1 0 0 1 1 1 0 0 1 0 0 1 1 0 0 0 0 1 0 0 0 0 1 0 1 1 1 1 1 0 1 1 1 1 0 1 1 1 0 1 0 1 1 0 1 1 1 0 1 0 1 1 1 1 0 0 1 1 1 
0 1 1 1 1 0 0 1 1 0 1 1 1 1 1 0 1 0 1 1 1 1 1 1 0 0 1 1 0 0 0 0 0 0 1 1 0 1 0 0 0 1 1 1 0 0 0 0 1 0 1 0 0 1 1 0 1 1 1 0 
0 0 0 0 1 1 1 0 1 1 1 1 1 0 1 1 0 0 1 1 0 1 1 0 1 1 0 0 1 1 1 1 0 1 1 0 0 0 1 0 0 0 1 0 1 1 0 0 1 0 0 0 0 1 0 1 1 1 1 1 
0 0 1 0 1 0 1 0 1 0 1 1 1 1 0 0 0 1 1 0 1 1 0 1 1 0 0 1 0 1 0 0 1 0 1 1 0 1 0 1 1 0 1 1 0 1 0 1 0 1 1 1 0 0 1 0 1 0 1 0 
0 0 1 0 1 0 0 1 1 1 1 0 1 1 0 1 1 0 1 1 0 1 0 1 1 0 1 0 0 1 0 0 1 1 1 0 1 1 1 0 0 0 0 0 1 0 0 0 0 1 0 1 1 0 1 1 1 1 1 1 
0 1 0 0 0 1 1 1 0 0 0 1 1 1 1 0 1 0 0 1 1 1 1 1 0 1 1 0 1 1 0 0 0 0 1 0 1 0 0 1 0 0 0 1 1 1 1 1 0 0 1 1 0 1 1 0 1 1 0 0 
0 1 0 1 0 0 1 1 1 1 0 1 1 0 1 1 0 1 0 0 0 1 1 1 0 0 1 1 0 0 1 0 0 1 0 1 1 1 1 0 0 0 0 1 1 0 1 0 1 1 0 1 0 0 1 0 0 0 1 1 
1 1 0 0 1 0 0 0 1 1 0 1 0 0 1 0 1 1 1 1 0 1 0 0 1 1 0 0 1 1 0 0 1 1 1 1 0 0 0 1 0 1 0 1 0 1 0 0 0 1 0 1 0 0 1 1 1 1 0 0 
1 0 1 1 0 1 1 0 1 0 1 0 1 0 1 1 0 1 1 0 1 1 0 0 0 1 1 1 0 0 0 1 1 1 1 0 0 1 0 0 1 0 0 0 0 1 1 0 1 0 0 0 1 1 0 1 1 1 1 1 
1 0 0 0 0 1 1 1 1 0 0 1 1 0 1 0 0 0 1 0 0 0 0 0 0 0 0 0 1 0 0 0 1 1 1 1 0 1 0 1 1 0 1 0 0 1 0 0 1 1 1 1 1 0 0 1 1 1 1 1 
1 1 0 0 0 1 0 0 0 1 1 0 0 1 1 0 0 1 1 1 1 1 0 1 1 0 1 0 1 1 0 1 1 1 1 0 1 1 1 1 0 1 1 0 0 0 1 1 1 1 1 0 1 1 0 1 1 0 1 0 
1 0 0 0 0 0 1 1 1 1 0 0 0 1 0 1 1 0 1 0 1 0 1 1 1 1 0 1 0 0 1 1 0 1 1 1 1 0 0 1 1 1 0 0 0 1 0 1 1 1 0 1 1 1 1 0 1 0 1 0 
0 1 1 0 0 1 0 0 1 1 1 1 0 0 1 1 0 0 0 1 0 1 0 1 1 1 1 1 1 1 0 1 1 1 0 0 1 1 1 1 1 0 1 1 1 0 1 0 1 0 0 1 1 1 0 0 0 0 1 1 
1 1 0 0 1 1 0 1 1 1 1 1 1 1 1 0 0 1 0 1 0 0 1 1 0 1 0 1 1 1 1 0 0 0 0 1 1 1 1 1 1 0 1 0 1 1 1 0 0 0 0 0 1 0 0 1 0 1 0 1 
1 1 1 1 1 0 1 0 0 0 0 0 1 1 0 1 0 1 0 1 1 1 1 1 1 1 1 0 1 1 0 1 0 1 1 0 1 1 0 1 1 0 0 0 1 1 1 1 0 0 0 0 1 1 1 0 1 0 0 1 
1 0 1 1 1 0 0 1 1 0 1 1 0 1 1 1 0 1 1 1 1 1 1 1 0 1 1 1 0 1 0 1 0 1 1 1 1 0 1 0 0 0 0 0 1 1 1 1 1 1 0 1 0 0 1 0 1 1 1 1 
0 1 0 1 0 0 0 0 1 1 0 0 1 0 1 1 0 1 0 1 1 1 1 1 1 0 0 0 1 1 1 0 0 0 1 0 1 0 1 0 1 0 1 1 0 1 1 1 1 1 1 0 0 1 1 1 1 1 0 0 
1 0 1 1 1 1 1 0 0 0 0 0 1 1 1 1 0 1 0 1 1 0 1 1 0 0 0 0 0 1 1 1 1 1 0 1 0 0 1 0 0 0 0 1 0 1 1 1 0 0 0 1 0 1 1 0 1 1 1 0 
0 0 1 1 1 1 1 1 1 0 1 0 1 0 1 1 0 1 1 1 1 0 0 0 0 1 1 0 0 0 0 1 0 1 0 0 0 0 0 1 1 1 1 1 0 0 0 1 1 1 1 1 0 0 0 1 1 1 1 1 
1 1 1 1 1 1 0 1 1 0 1 1 1 0 1 1 0 0 0 0 0 0 0 0 0 0 0 1 0 0 1 0 1 0 1 0 1 0 1 1 1 1 0 1 1 1 1 1 1 0 1 0 0 1 0 0 1 0 1 1 
0 1 1 0 1 0 1 1 1 0 0 1 1 0 0 0 1 1 1 1 0 0 0 0 1 1 1 1 1 1 1 1 1 0 1 1 1 1 1 1 0 1 0 0 1 1 1 0 0 1 1 1 1 0 1 0 1 1 0 1 
0 1 1 0 0 1 1 0 0 1 1 0 0 1 0 0 1 1 1 1 1 1 1 0 0 0 1 1 1 1 1 0 1 1 1 0 1 0 1 1 1 0 1 1 0 1 1 0 1 1 1 1 1 1 0 0 0 0 1 1 
0 1 1 0 1 1 0 1 0 0 1 1 1 1 0 0 1 1 0 1 1 1 1 0 1 1 1 1 0 1 1 0 0 0 0 0 1 1 0 0 0 0 1 0 1 1 0 1 1 1 0 1 0 0 1 1 0 0 0 1 
0 1 0 1 1 1 1 1 1 1 0 0 0 1 1 0 0 1 0 1 0 1 1 1 0 0 1 1 0 1 1 1 0 1 0 1 0 1 1 0 0 0 0 1 1 1 1 1 0 1 1 1 0 1 0 0 1 0 0 1 
0 1 1 1 0 1 1 0 0 1 1 1 1 0 1 0 0 1 1 1 1 1 1 1 1 0 1 1 1 0 1 1 0 1 1 0 0 1 1 1 0 1 1 1 0 1 1 1 1 0 1 1 1 1 1 1 0 0 1 0 
