# Number of items
90
# Stacking height
5
# Number of stacks
72
# Item name and Appearance
# (0 for I^{fix}, 1 for I^1, 2 for I^2)
   001     0
   002     0
   003     0
   004     0
   005     0
   006     0
   007     0
   008     0
   009     0
   010     0
   011     0
   012     0
   013     0
   014     0
   015     0
   016     0
   017     0
   018     0
   019     0
   020     0
   021     0
   022     0
   023     0
   024     0
   025     0
   026     0
   027     0
   028     0
   029     0
   030     0
   031     0
   032     0
   033     0
   034     0
   035     0
   036     0
   037     0
   038     0
   039     0
   040     0
   041     0
   042     0
   043     0
   044     0
   045     1
   046     1
   047     1
   048     1
   049     1
   050     1
   051     1
   052     1
   053     1
   054     1
   055     1
   056     1
   057     1
   058     1
   059     1
   060     1
   061     1
   062     1
   063     1
   064     1
   065     1
   066     1
   067     1
   068     1
   069     1
   070     1
   071     1
   072     1
   073     1
   074     1
   075     1
   076     1
   077     1
   078     1
   079     2
   080     2
   081     2
   082     2
   083     2
   084     2
   085     2
   086     2
   087     2
   088     2
   089     2
   090     2
# Positions of Ifix-items in the format (itemName, stack, level)
   001     2     2
   002     9     2
   003     1     2
   004     6     3
   005     6     2
   006     9     3
   007    14     2
   008     6     1
   009     5     2
   010    13     1
   011     4     1
   012     5     1
   013    10     1
   014    17     1
   015    16     1
   016     3     1
   017    18     1
   018    11     2
   019     3     2
   020     8     2
   021     2     1
   022     7     3
   023    13     2
   024     1     1
   025     9     1
   026    19     1
   027     1     4
   028     7     1
   029     4     2
   030    20     1
   031     8     1
   032     3     3
   033     8     3
   034    11     1
   035    14     1
   036     2     3
   037     1     3
   038     5     3
   039    10     2
   040     4     3
   041    15     1
   042     7     2
   043    12     2
   044    12     1
# Stacking matrix
# Info: number of 1-entries = 4311, density = 0.54
0 0 0 0 0 0 1 1 0 0 0 1 1 0 0 1 1 1 0 1 1 0 1 0 1 0 0 0 1 0 0 0 1 0 0 0 1 0 1 0 0 1 1 1 0 0 0 1 0 0 1 0 0 1 0 1 1 0 0 1 0 1 1 1 1 1 1 0 0 0 1 1 0 0 1 1 1 0 1 0 1 0 1 0 1 1 0 1 0 0 
1 0 1 0 0 1 1 0 0 0 0 0 1 1 0 0 0 0 1 1 1 0 1 1 1 1 0 1 1 1 1 0 1 1 1 1 1 1 0 1 1 1 1 0 1 1 1 1 0 0 1 0 0 1 0 1 1 1 1 0 1 0 1 0 0 1 1 1 0 0 0 1 0 1 0 0 0 1 0 1 1 0 1 1 1 1 0 1 0 1 
1 1 0 0 1 0 1 0 1 0 1 1 0 0 0 1 1 0 1 1 0 1 1 1 0 1 0 1 1 0 0 0 1 1 0 0 1 1 1 0 0 1 0 1 1 1 1 1 1 1 0 1 1 1 1 1 0 1 0 0 1 1 1 0 1 0 1 0 0 1 1 0 1 1 1 0 0 0 0 1 1 1 1 0 1 1 1 1 0 1 
0 1 1 0 1 1 0 1 0 0 0 1 1 1 0 1 1 1 1 0 1 1 1 1 0 0 0 1 0 1 1 0 0 1 1 1 1 0 1 1 0 1 1 0 0 0 0 0 0 0 1 0 0 1 1 1 1 0 0 1 1 1 1 1 0 0 0 1 0 1 0 0 1 0 1 0 0 1 1 0 1 1 0 1 0 0 0 1 0 1 
0 1 0 0 0 1 1 1 0 0 1 0 0 1 0 1 0 0 1 0 1 1 1 0 1 1 1 0 0 1 0 1 1 0 0 1 0 1 1 1 1 1 0 0 0 0 0 1 1 0 0 1 1 0 1 0 0 0 0 0 1 1 0 0 0 1 0 0 0 1 1 1 1 1 1 0 1 1 1 0 0 1 1 1 1 1 1 1 0 1 
1 1 0 0 1 0 0 1 1 1 1 0 1 1 0 1 0 1 1 1 1 0 0 0 0 1 1 1 0 0 1 1 1 1 1 0 1 1 0 1 0 0 0 1 1 0 1 0 0 1 1 1 1 0 1 1 0 0 1 0 0 1 1 1 1 0 1 0 1 0 0 1 1 1 0 0 0 1 0 1 1 1 1 0 1 0 1 0 0 1 
1 0 0 1 1 1 0 0 1 1 0 1 0 1 1 1 0 1 1 1 0 0 1 0 1 1 1 0 1 1 1 0 0 1 1 1 0 0 0 1 1 1 0 0 1 0 1 1 1 0 0 1 0 0 0 1 0 1 1 0 1 0 0 1 0 0 0 1 1 1 1 1 0 0 0 0 1 1 0 1 0 0 1 1 0 1 0 1 0 0 
1 0 0 1 1 1 1 0 1 1 1 1 1 1 1 1 0 1 1 0 1 1 1 0 1 0 0 0 0 0 1 0 1 1 0 1 1 1 0 0 1 1 1 0 0 1 0 0 0 1 0 1 0 0 1 1 1 1 0 0 1 1 1 0 1 0 1 0 1 1 1 0 1 1 0 1 0 0 1 0 1 0 0 0 0 1 0 1 1 0 
1 0 1 1 0 1 0 1 0 0 1 1 1 1 1 0 0 0 1 0 1 0 0 1 0 1 0 1 0 0 0 1 0 1 1 1 0 0 1 1 0 0 0 1 1 0 0 1 0 1 1 0 0 1 0 0 1 1 1 1 0 1 1 0 0 1 0 1 0 0 1 1 1 1 0 1 0 0 1 1 0 0 0 1 1 1 1 1 1 1 
1 0 1 1 0 1 1 0 1 0 1 1 0 1 1 0 1 1 0 0 1 1 0 1 1 1 1 0 1 0 0 0 1 1 1 1 0 0 1 0 0 0 1 0 1 0 1 1 1 1 0 0 0 0 0 1 0 0 1 0 1 0 1 1 1 1 0 1 1 0 1 1 1 0 1 1 1 1 1 0 0 1 0 1 0 0 1 1 0 0 
0 0 1 0 0 1 0 0 1 1 0 0 0 1 1 1 0 0 1 0 0 0 0 0 1 1 1 1 0 1 0 1 1 0 0 0 1 0 1 1 1 1 1 1 0 0 1 0 0 1 0 0 0 1 0 1 0 0 0 1 0 0 1 1 1 1 1 1 1 0 0 0 1 0 1 1 1 1 1 0 1 0 1 0 0 0 0 0 1 0 
0 0 1 0 1 1 0 1 1 1 1 0 0 1 0 0 0 1 1 0 1 0 0 0 1 0 0 0 1 1 0 1 1 1 0 0 0 0 0 1 0 0 1 1 0 1 0 0 1 1 1 0 0 1 0 1 1 1 1 1 1 1 1 0 1 1 0 1 1 1 0 1 0 0 0 0 0 0 1 0 0 0 0 0 1 1 1 1 0 0 
1 1 1 0 0 1 0 1 0 0 0 0 0 0 0 0 1 0 0 0 1 0 1 1 1 0 1 1 0 0 0 1 1 1 1 0 0 0 1 0 0 1 0 0 0 1 0 0 1 0 1 1 1 0 1 0 0 1 1 1 0 1 1 0 0 0 0 1 0 0 0 0 1 1 0 0 0 1 1 0 1 1 0 0 0 1 1 1 0 0 
0 0 0 1 1 1 0 1 0 1 1 0 1 0 0 0 1 1 1 1 0 0 1 1 1 0 1 1 1 0 1 1 0 1 0 1 0 1 0 0 1 1 0 1 1 0 1 1 0 0 1 1 0 0 0 0 0 0 1 0 1 0 1 1 1 1 0 1 1 1 0 1 1 0 0 0 1 1 0 1 1 1 1 1 1 0 1 0 1 0 
1 1 0 1 1 1 0 1 1 1 1 1 1 0 0 0 0 1 1 0 0 0 0 1 1 1 0 1 1 0 0 0 0 0 1 1 1 0 1 1 1 0 0 0 0 0 1 1 0 1 1 1 1 1 1 0 1 1 1 1 0 0 0 1 0 0 0 0 1 1 1 0 0 0 1 1 0 1 1 0 1 0 0 1 0 1 1 1 1 0 
1 1 1 0 0 0 1 1 0 1 0 0 0 1 0 0 0 0 0 1 0 0 0 1 1 1 0 1 0 0 1 1 0 0 1 0 1 1 0 0 0 0 0 0 1 0 0 1 0 1 0 1 1 1 1 1 1 1 0 1 1 0 1 1 1 0 0 1 0 0 0 1 0 1 0 1 0 1 1 1 0 1 1 1 1 1 1 1 0 1 
1 0 0 1 0 1 1 1 1 1 1 1 1 1 1 1 0 0 1 0 1 1 0 1 1 1 0 1 1 1 1 0 0 0 1 1 1 0 1 0 0 0 1 0 1 1 1 1 0 1 0 0 1 1 1 0 1 0 0 0 0 0 1 0 1 1 0 1 1 0 0 1 0 0 0 1 1 1 1 1 1 0 0 1 0 0 1 0 1 0 
0 0 0 0 1 0 1 0 1 0 0 0 1 1 0 0 1 0 0 1 1 0 1 0 1 1 1 1 1 0 1 0 0 1 1 0 1 0 0 1 1 0 1 1 0 0 0 0 1 0 1 1 0 1 1 1 1 0 0 1 1 0 0 1 0 0 0 1 1 1 0 0 1 0 1 0 0 0 1 1 0 1 1 1 0 1 0 0 1 1 
0 1 1 1 1 0 0 0 1 0 1 0 0 1 0 1 0 1 0 1 0 0 1 1 0 1 1 1 1 1 0 1 0 0 1 0 0 1 0 0 0 0 1 1 1 1 0 0 1 1 0 0 1 0 0 0 0 0 1 1 0 1 0 1 1 1 0 1 1 1 0 1 1 1 0 0 1 1 0 1 0 0 1 1 0 1 1 1 1 1 
0 0 0 0 1 0 1 1 1 0 1 1 0 0 0 1 0 1 1 0 1 0 0 0 1 1 0 0 0 0 1 1 1 0 1 0 0 1 1 1 0 0 0 0 0 1 1 1 0 0 0 1 0 0 1 1 1 0 0 1 0 0 0 0 0 1 1 0 1 0 0 1 1 1 1 0 1 0 1 0 1 1 1 0 0 0 0 1 1 0 
1 1 1 0 1 0 1 0 1 0 1 0 1 0 0 0 0 0 1 1 0 0 1 0 1 1 0 1 0 1 0 1 1 0 1 1 0 1 0 1 0 1 1 1 1 1 0 0 0 0 1 1 1 1 0 1 1 1 1 0 1 1 0 0 1 0 0 1 0 0 1 1 0 0 1 0 0 1 0 0 1 1 1 0 0 1 1 1 1 1 
1 1 1 1 0 0 1 1 1 1 0 0 0 1 1 1 1 0 0 1 1 0 0 0 1 0 1 1 1 1 0 0 1 1 1 0 0 0 0 1 0 1 1 0 1 0 0 1 1 1 1 0 1 1 0 1 0 0 1 1 0 0 1 1 0 1 0 1 0 0 1 0 1 1 0 1 0 1 1 0 0 0 1 1 0 1 0 0 1 1 
0 1 1 1 0 1 1 1 1 1 1 1 1 1 0 1 1 1 1 1 1 1 0 1 1 0 0 1 1 1 0 1 1 1 1 1 1 0 1 1 1 0 0 0 1 0 1 1 0 1 1 1 1 1 1 0 0 0 1 1 1 0 1 1 1 1 0 1 1 0 0 0 1 0 1 0 0 1 1 1 0 0 0 1 1 0 0 1 0 1 
0 0 0 0 0 0 0 1 0 0 1 0 1 0 0 1 1 1 1 0 1 1 1 0 0 1 1 0 1 1 1 0 1 0 0 0 1 1 0 1 1 1 1 1 1 1 0 1 1 0 0 1 0 1 0 1 1 1 1 1 0 1 1 1 0 1 0 1 0 0 1 1 1 1 0 0 0 1 0 1 0 1 0 1 0 1 0 0 0 1 
1 0 1 1 1 1 0 0 0 0 1 1 1 0 0 0 0 0 1 1 1 1 1 1 0 0 1 1 1 1 1 0 0 0 0 1 0 1 0 0 1 0 1 0 0 1 1 0 0 0 0 1 1 0 1 0 1 1 0 0 1 0 1 1 1 0 1 0 1 1 0 0 0 0 1 1 1 1 0 1 0 0 0 0 1 1 0 1 1 1 
1 1 1 0 1 0 1 1 0 0 1 1 1 0 1 1 1 1 1 1 1 1 0 0 1 0 0 0 1 1 1 0 1 0 0 1 1 0 0 1 0 1 1 1 0 0 0 1 0 1 0 1 1 1 1 0 0 1 1 1 1 0 1 0 1 0 1 1 0 0 1 1 1 0 1 1 1 0 1 1 1 0 0 0 0 1 0 1 0 1 
1 0 0 0 0 0 1 0 1 0 0 0 1 1 1 1 0 1 1 0 0 1 1 1 1 0 0 1 1 0 0 1 1 1 1 1 1 1 1 1 0 1 0 1 0 0 0 0 1 1 0 1 1 1 0 0 1 0 1 0 0 0 0 0 1 0 0 1 1 1 0 0 1 1 0 1 1 1 1 0 0 1 1 1 1 0 1 0 1 0 
1 1 1 1 0 0 1 1 0 1 1 0 1 1 1 1 0 0 0 0 0 0 0 1 1 1 0 0 1 0 0 1 1 0 1 0 0 0 1 0 1 0 1 1 0 1 0 1 0 0 0 1 1 0 1 0 1 1 0 1 0 1 1 1 0 0 1 1 0 1 0 1 0 0 0 1 1 1 0 1 1 0 1 0 0 1 0 1 1 1 
0 0 0 1 0 0 0 1 0 1 1 0 1 0 0 1 0 0 1 0 0 0 0 1 0 0 1 1 0 0 0 0 1 0 1 1 0 1 1 1 1 0 0 0 0 1 0 0 1 0 1 1 0 1 1 1 1 1 0 1 0 0 1 0 1 0 0 1 1 0 1 1 0 0 1 1 1 0 0 0 0 1 0 0 1 1 1 1 1 0 
1 1 1 1 0 1 0 1 1 0 0 0 1 1 0 0 1 0 1 0 1 0 1 0 1 1 0 0 1 0 1 1 0 1 1 0 0 1 1 0 1 0 0 0 0 1 1 0 1 1 1 0 0 1 1 1 1 1 1 0 0 0 1 0 1 0 1 0 0 1 1 0 1 0 1 1 0 1 0 1 1 1 0 0 0 1 1 0 0 0 
1 1 1 0 1 0 0 1 0 1 1 0 0 1 0 1 1 1 1 0 0 1 0 1 1 1 0 0 0 0 0 1 0 1 1 0 1 1 1 0 0 0 1 1 0 0 1 0 1 1 0 0 1 1 1 0 0 1 1 0 1 0 0 0 0 0 1 1 1 0 1 1 0 1 0 0 1 1 0 1 1 1 0 0 0 0 0 0 0 0 
1 1 1 0 1 1 0 0 1 0 1 1 1 0 1 1 0 1 1 1 0 0 1 1 0 0 1 0 0 0 0 0 0 0 1 1 1 0 0 0 1 1 1 0 1 1 0 0 0 1 0 1 1 1 0 0 0 1 1 0 1 1 0 0 1 0 0 1 1 1 0 1 1 0 1 0 0 0 1 0 0 1 0 1 0 1 0 1 0 0 
0 1 1 0 1 0 1 0 1 1 1 1 1 1 1 0 1 1 0 1 0 0 0 1 0 0 0 0 0 1 1 1 0 1 1 0 1 0 1 0 0 0 0 0 0 0 0 0 0 0 0 1 1 1 0 1 1 1 1 0 0 0 1 1 1 0 0 1 1 0 1 1 0 0 1 1 1 1 0 0 1 1 0 1 1 1 1 0 1 1 
1 1 0 0 1 1 0 1 0 0 1 1 1 1 1 1 1 0 1 1 1 1 1 0 0 1 1 0 0 0 1 1 0 0 0 0 0 1 1 0 0 0 1 0 0 1 1 0 1 1 1 1 1 0 0 1 0 0 1 0 1 0 0 1 1 0 0 1 0 0 1 1 0 0 0 1 1 1 1 1 0 1 0 0 1 0 0 0 0 0 
1 0 0 1 1 0 0 1 0 0 0 1 1 1 1 1 1 0 0 1 1 1 0 1 1 0 1 1 0 0 1 1 1 0 0 1 0 0 1 1 0 0 1 1 0 1 1 1 1 1 1 0 0 0 0 1 1 1 0 1 1 0 1 1 0 1 1 1 0 1 1 1 0 0 0 0 1 1 0 1 0 0 0 1 0 1 0 0 0 1 
1 1 0 0 1 0 1 1 1 1 0 0 0 0 0 1 0 0 1 0 0 0 1 0 1 0 0 1 1 0 0 1 0 1 1 0 0 0 1 1 1 1 1 0 1 1 0 0 1 0 1 0 0 1 1 0 1 1 1 1 1 1 0 1 1 1 1 0 1 1 0 0 0 0 0 1 1 0 1 1 0 0 1 1 0 0 0 1 0 1 
0 1 1 1 0 0 1 0 0 1 1 1 0 0 0 1 1 1 1 1 1 0 1 1 0 1 1 0 0 0 0 0 1 0 0 0 0 1 0 0 1 1 0 0 1 1 1 1 1 1 1 1 1 1 1 0 0 1 1 0 1 0 1 0 1 0 0 0 1 1 1 0 1 1 1 1 1 0 0 1 0 0 1 1 1 1 0 1 0 0 
1 0 1 1 0 1 1 0 1 1 0 0 1 0 0 0 0 0 0 1 0 1 0 0 1 1 1 1 1 0 0 1 0 1 0 1 0 0 1 0 0 1 1 0 0 1 0 1 0 1 1 1 1 0 1 1 1 0 0 1 0 1 1 0 1 1 1 1 0 0 0 0 1 0 1 1 0 0 1 0 1 1 0 1 1 1 1 1 0 0 
0 0 0 1 1 0 0 1 0 1 1 0 1 1 0 0 0 1 1 1 1 0 0 1 0 1 1 0 1 1 1 1 1 1 1 0 0 0 0 1 1 1 0 0 1 1 1 1 0 1 0 1 1 0 0 0 1 1 0 1 0 1 1 1 1 0 1 0 0 0 1 0 0 0 0 0 1 0 1 1 0 1 1 0 1 1 1 1 1 0 
1 1 0 1 1 0 0 1 1 1 1 0 1 1 0 0 0 1 0 1 1 1 1 1 0 0 0 1 1 0 1 1 1 1 1 1 0 0 0 0 0 1 0 1 1 1 1 1 1 0 0 1 0 1 1 0 0 1 1 1 1 0 0 0 0 1 1 0 1 1 1 1 1 1 0 1 0 0 1 0 0 1 1 1 1 1 0 1 1 1 
0 1 1 1 0 0 1 1 0 1 1 1 1 1 1 1 0 0 1 1 0 1 0 0 0 1 1 0 0 0 0 0 1 0 0 0 1 1 1 1 0 1 1 1 0 0 0 1 0 1 1 0 1 1 0 0 1 0 0 0 0 1 1 0 0 0 1 1 1 0 1 0 0 1 0 0 1 1 1 0 0 1 0 1 1 1 0 0 1 1 
1 1 1 0 0 0 1 1 1 1 1 0 1 0 1 0 0 1 1 1 1 1 0 0 1 0 1 1 1 0 1 0 1 1 1 0 0 0 0 1 0 0 1 0 1 0 0 0 0 0 1 0 1 1 1 1 1 1 1 0 0 0 0 0 0 0 1 0 0 0 0 0 0 0 0 0 1 1 1 0 1 0 0 1 1 0 1 1 1 1 
1 1 1 0 0 1 1 1 1 1 1 1 1 1 0 1 0 0 1 1 1 1 0 1 1 0 1 0 1 1 1 1 0 0 0 0 1 1 1 1 1 0 0 1 0 0 0 1 1 1 1 1 0 0 1 1 1 0 1 1 0 1 1 0 1 0 1 0 0 0 1 1 0 0 0 0 1 1 0 1 1 1 0 1 0 0 1 1 1 1 
1 1 1 0 0 0 1 1 0 1 0 1 1 1 1 1 0 0 1 0 0 1 0 0 1 0 1 0 1 1 1 0 1 1 1 0 1 1 0 0 0 0 0 0 0 1 1 1 0 1 0 1 0 1 0 1 0 1 0 1 0 0 0 1 1 1 0 1 1 1 1 0 1 0 0 0 0 1 1 0 0 1 1 1 1 0 0 0 0 0 
0 0 1 0 0 1 0 0 1 1 1 0 0 1 0 0 0 0 1 0 1 0 0 1 1 0 0 0 1 1 1 1 1 0 1 1 1 0 1 1 1 0 1 0 0 0 1 0 1 1 1 0 0 0 1 1 0 1 1 0 1 0 1 0 1 1 1 0 1 0 0 1 1 0 1 1 1 1 0 1 0 1 0 0 1 0 1 0 0 0 
0 0 0 0 0 1 1 1 0 1 1 0 0 1 1 0 1 1 1 0 0 0 1 1 1 0 0 1 0 0 1 1 1 1 0 1 1 1 1 1 1 1 0 1 1 0 0 1 1 1 1 1 0 0 1 1 0 1 0 1 1 1 1 1 1 1 0 1 1 0 0 1 0 0 0 0 0 1 1 1 0 0 1 1 1 1 1 0 1 0 
1 0 0 0 0 1 1 0 0 1 1 0 1 0 0 0 1 1 0 1 0 0 1 1 1 1 1 1 0 1 0 1 1 0 0 0 1 0 1 0 1 0 0 0 0 1 0 1 1 0 0 1 1 0 1 1 1 1 1 1 1 1 0 0 1 0 1 0 1 0 0 1 1 1 0 0 0 0 1 0 1 1 0 0 1 0 1 1 1 0 
1 1 0 0 0 0 1 0 0 1 1 0 1 0 1 1 0 1 1 1 0 1 1 0 0 1 0 1 1 1 0 1 1 1 0 1 0 1 1 1 1 0 0 0 0 1 0 0 1 0 0 0 0 0 1 0 1 1 1 1 1 0 1 1 0 1 0 0 0 1 1 1 0 1 1 1 0 0 1 0 1 0 1 0 1 0 1 0 0 0 
0 1 1 1 0 1 0 0 0 0 0 0 1 0 0 0 0 0 1 1 1 0 1 1 0 1 0 1 0 0 0 0 0 1 1 1 1 1 1 0 0 0 0 0 1 0 1 1 0 1 1 0 0 1 1 0 0 1 1 1 1 1 0 0 1 0 1 1 0 0 0 1 1 0 1 0 1 0 0 0 1 1 0 1 1 0 0 1 0 0 
1 1 1 1 1 1 0 0 0 1 1 1 1 1 1 0 0 0 0 0 1 0 1 0 1 0 1 0 1 0 1 0 1 1 1 1 0 0 0 0 0 1 0 0 0 0 0 1 0 0 0 1 0 1 1 1 0 1 1 0 1 1 1 0 1 0 1 1 1 0 1 0 0 0 1 0 0 0 0 0 1 0 0 1 1 1 0 0 1 0 
1 0 1 0 0 0 0 0 0 1 0 1 1 1 1 0 1 0 1 1 1 1 1 1 0 0 1 0 1 1 1 1 0 1 1 1 1 1 1 1 0 0 0 0 1 1 0 0 1 0 0 0 0 0 0 0 1 0 0 0 1 0 1 1 0 0 1 1 1 0 0 0 1 1 1 1 1 1 1 1 1 1 0 0 1 1 1 0 1 0 
1 0 1 1 1 0 0 0 0 1 0 1 0 0 0 0 0 1 0 0 1 0 1 0 1 1 0 1 0 1 0 0 1 1 0 0 1 0 1 1 0 1 0 0 1 0 0 1 1 0 0 0 0 0 0 1 0 0 0 1 0 0 1 0 0 0 1 1 1 0 1 1 0 1 0 1 1 0 1 0 1 0 0 1 1 0 0 1 1 1 
0 1 1 1 1 1 1 1 0 1 1 0 1 1 0 1 1 1 0 0 0 1 0 0 1 0 1 0 1 0 0 1 0 1 0 1 0 1 0 1 0 1 0 1 1 0 1 0 1 0 1 1 0 1 0 1 1 1 1 0 0 0 1 1 0 1 0 1 0 0 1 1 0 0 0 1 1 0 1 1 0 1 0 1 1 1 0 1 1 0 
0 0 1 0 1 0 0 0 1 1 1 1 0 0 1 1 1 0 0 1 1 1 0 0 0 1 1 0 1 0 0 1 1 1 0 0 0 0 1 0 0 1 0 1 1 0 0 0 0 1 1 0 0 0 1 0 1 0 0 1 1 0 1 1 0 0 0 1 0 0 1 1 1 1 1 0 1 0 0 0 1 1 1 1 1 1 0 1 1 0 
1 1 0 1 0 0 0 1 1 1 0 1 0 0 1 1 1 0 1 0 1 1 0 1 0 1 1 1 0 0 0 1 0 0 1 0 0 0 1 0 1 0 0 1 1 0 0 1 1 1 1 1 1 1 0 0 0 0 1 1 1 0 0 1 1 0 1 0 0 0 0 0 1 0 1 1 0 0 1 1 1 0 1 1 0 0 0 0 0 1 
1 1 1 1 1 0 0 1 1 1 1 0 1 1 1 0 0 1 0 1 1 0 0 1 1 1 1 1 1 1 1 0 0 0 0 1 1 1 1 0 1 1 0 1 0 0 1 1 0 0 1 1 0 0 1 0 1 0 0 1 0 0 1 0 1 1 0 0 0 1 0 0 0 1 1 0 1 1 1 0 0 0 1 1 0 0 0 1 0 1 
0 1 0 0 1 1 1 0 1 1 0 1 0 0 1 1 0 0 1 1 0 1 1 0 1 0 1 1 1 0 0 1 0 1 1 0 1 0 0 0 0 0 0 1 0 0 1 1 1 1 0 1 1 0 1 1 0 1 0 1 0 1 1 1 1 1 1 0 1 0 0 0 0 0 0 1 1 1 1 0 1 0 1 0 1 0 0 1 0 0 
0 0 1 0 1 1 1 1 0 1 1 1 1 1 0 0 1 1 1 0 0 0 0 1 0 1 0 0 1 0 0 0 0 0 1 1 1 1 1 1 1 1 0 1 1 0 1 0 1 1 0 0 0 1 0 1 0 0 0 0 1 1 0 1 1 1 0 0 1 1 1 1 1 1 0 0 0 1 1 0 0 0 0 0 0 1 0 0 1 1 
1 1 1 1 0 0 1 1 0 0 0 0 1 1 0 1 1 1 1 1 1 0 0 1 0 1 1 1 1 0 0 1 0 1 1 0 1 0 0 0 0 1 1 0 1 1 0 0 0 1 0 1 1 0 1 0 0 1 0 1 1 1 1 1 1 0 0 1 0 1 1 1 1 1 1 1 1 0 1 1 0 1 1 1 0 1 1 1 1 0 
0 1 1 0 0 0 1 0 1 0 1 1 1 1 1 0 1 0 0 1 1 1 1 1 0 1 0 1 0 0 1 1 0 1 1 1 1 0 0 0 0 1 1 0 1 1 1 0 1 0 0 0 1 1 0 0 0 1 1 0 0 0 1 0 0 0 1 0 1 0 0 1 0 1 0 1 0 1 0 1 1 0 0 1 1 1 1 1 1 1 
1 0 1 0 1 1 0 0 0 1 0 0 1 0 1 1 0 1 1 1 1 1 0 0 1 1 1 0 0 1 0 1 0 0 1 0 0 1 1 1 1 0 1 1 0 0 1 0 1 0 1 1 0 1 1 0 0 0 1 1 0 1 1 0 0 0 0 0 0 1 0 1 0 1 0 1 0 1 1 0 0 1 1 0 0 1 0 0 0 0 
1 0 0 0 0 1 0 0 0 0 1 1 0 1 1 0 1 0 0 0 0 1 1 1 0 0 1 0 1 1 1 1 1 0 1 0 1 0 1 0 0 1 0 0 1 0 0 0 0 1 1 0 1 0 1 0 1 1 0 0 0 0 0 1 1 1 1 1 0 1 0 1 1 0 1 1 1 0 0 0 0 0 0 1 1 1 1 0 1 1 
0 0 0 1 0 1 1 0 0 0 1 1 1 0 0 0 1 1 0 0 1 0 0 1 0 1 1 1 0 0 1 1 0 1 1 1 0 1 1 1 1 1 0 1 0 1 0 0 0 0 1 1 0 1 0 1 0 0 1 1 0 0 0 1 1 1 0 0 1 1 1 1 0 0 1 1 1 0 1 0 0 0 1 1 1 0 1 1 0 1 
1 1 0 0 1 1 0 1 1 0 0 1 0 1 1 0 0 0 0 0 0 1 0 0 1 1 1 1 0 1 0 0 0 0 1 0 0 1 1 1 1 0 0 0 0 0 1 1 0 1 1 0 1 1 1 1 1 1 0 1 0 1 0 0 1 1 1 1 1 0 0 0 1 1 0 0 0 1 1 0 0 1 0 0 1 1 1 1 1 0 
1 1 1 1 1 0 1 1 0 0 1 0 0 1 1 0 0 0 1 0 1 0 1 0 1 1 1 1 0 0 0 0 0 0 1 1 0 1 0 0 1 1 1 1 0 0 1 1 1 1 0 1 1 0 0 0 0 1 1 0 0 0 1 1 0 1 1 0 0 1 1 1 1 1 0 0 0 0 0 1 1 0 0 0 0 1 1 0 1 1 
0 0 0 0 1 0 1 0 1 0 0 1 0 0 1 1 1 0 0 1 0 0 0 0 0 1 0 1 1 1 0 0 1 1 0 0 1 1 1 1 0 1 1 0 0 1 0 0 1 0 0 0 0 0 1 1 1 1 1 1 1 1 0 0 0 0 0 0 1 0 1 1 1 1 0 0 1 0 0 1 0 1 0 0 1 1 0 0 1 0 
1 1 0 1 1 0 0 0 0 1 1 1 1 1 1 0 1 1 1 1 0 1 1 1 0 1 1 1 0 1 1 0 1 0 0 0 0 0 0 0 1 0 0 1 0 1 1 1 0 1 0 0 1 1 1 0 1 1 0 1 0 1 0 0 1 1 0 1 1 1 0 0 0 1 0 1 1 0 0 0 1 1 1 0 0 0 1 1 1 1 
0 0 1 1 1 0 1 0 0 1 0 1 1 1 1 0 1 1 0 1 0 1 0 1 0 0 1 1 0 1 1 1 0 0 1 1 0 1 1 1 1 1 1 1 0 0 1 1 1 1 0 0 0 1 0 1 0 1 1 0 1 0 1 1 1 1 0 0 0 0 0 0 1 0 0 1 0 0 1 0 1 0 1 0 1 0 1 1 1 1 
0 1 0 0 1 1 1 1 1 1 0 0 0 0 1 0 0 0 0 1 1 0 1 0 0 0 0 0 1 1 1 1 1 0 0 1 1 0 1 1 1 0 1 1 0 0 1 1 1 1 1 0 0 0 0 1 1 0 1 0 0 0 1 0 0 0 0 1 0 1 0 0 1 0 1 0 1 0 0 1 1 1 1 1 0 0 1 1 0 1 
1 1 0 0 1 1 0 1 0 1 1 1 1 1 1 1 0 0 1 0 1 1 0 1 0 0 0 1 0 1 0 0 1 0 0 0 1 0 1 1 0 1 0 0 1 1 0 1 0 0 0 0 1 1 0 1 1 1 0 0 0 0 0 1 1 1 0 1 0 0 1 1 0 1 0 1 1 1 1 0 1 0 1 1 0 0 1 1 0 0 
1 1 1 0 0 1 0 1 0 0 0 1 1 1 0 0 0 1 0 1 1 1 1 0 1 1 0 0 0 1 1 1 1 1 0 0 1 0 0 0 1 1 0 0 1 1 1 0 0 0 1 1 1 0 0 0 1 1 0 0 1 1 1 0 0 0 1 0 0 1 0 0 1 1 1 0 1 1 1 1 1 0 1 0 0 1 0 1 1 1 
0 0 1 1 0 1 1 1 0 0 0 0 1 0 1 1 1 1 0 1 0 1 0 0 0 1 0 1 1 0 0 1 0 0 0 0 1 0 0 0 0 1 1 0 1 1 0 0 1 1 1 1 0 0 0 0 0 1 1 1 0 1 1 1 0 0 1 1 1 0 0 0 1 0 0 1 0 0 1 1 1 0 1 0 1 0 1 1 0 1 
0 0 0 0 1 0 0 1 0 1 1 1 1 0 0 1 1 0 1 1 1 0 1 1 0 1 1 1 0 1 1 1 1 0 1 1 0 1 0 0 0 1 0 1 1 0 1 0 0 1 1 1 1 0 1 1 0 1 0 1 0 1 1 0 1 0 1 1 1 1 0 1 0 1 1 1 0 0 1 1 0 1 0 0 0 1 0 1 1 1 
0 1 1 0 1 1 1 0 0 0 1 1 1 1 1 1 1 0 0 0 1 1 0 1 1 0 1 1 1 1 0 0 1 0 0 0 0 1 0 0 1 0 1 1 0 1 1 0 0 1 0 1 1 0 0 1 0 0 0 1 0 0 0 1 0 1 0 0 1 1 0 0 0 0 0 1 0 0 1 1 0 0 0 1 0 0 0 1 0 0 
1 1 1 1 0 0 1 0 1 0 1 0 1 0 1 0 1 1 1 0 0 1 1 1 1 0 1 0 0 1 1 1 0 1 1 1 0 1 0 1 1 1 0 0 1 1 0 0 1 0 0 0 0 1 0 0 0 0 1 0 1 0 1 0 1 0 0 0 0 1 1 1 1 1 0 0 1 1 1 0 1 1 0 1 1 0 1 1 1 0 
0 1 0 0 0 1 1 1 0 0 1 0 1 1 0 1 0 0 0 0 1 1 1 1 0 1 1 0 0 1 1 0 0 1 1 0 1 1 1 1 0 0 1 1 1 1 0 1 0 0 1 1 1 0 0 0 0 0 1 0 1 0 0 1 1 0 0 0 1 1 1 1 1 1 1 0 0 0 1 0 0 0 1 0 1 0 1 1 1 1 
1 0 0 0 1 0 0 0 1 1 1 0 1 1 1 1 0 0 1 1 0 1 0 0 1 0 1 0 1 0 1 0 1 0 0 0 0 0 0 1 1 0 1 1 1 1 1 1 1 0 1 1 1 1 1 0 0 0 0 1 1 1 0 1 1 0 0 1 0 1 0 1 0 1 1 1 0 1 0 0 1 0 1 0 0 1 0 1 1 0 
1 0 0 1 0 0 0 1 0 1 1 0 0 1 0 1 1 0 1 0 0 0 1 0 0 0 0 1 0 0 0 1 0 1 1 1 1 1 1 0 1 1 0 0 1 0 1 0 0 0 1 1 0 0 1 1 0 0 1 1 1 1 1 1 1 0 1 1 1 0 0 1 0 0 0 1 0 0 1 1 0 1 0 1 0 0 0 1 0 0 
0 1 1 1 0 1 1 1 0 1 0 1 0 1 0 1 1 0 1 1 1 1 0 0 1 0 1 1 1 1 0 0 1 1 0 1 0 0 1 1 0 1 0 0 1 0 0 1 0 0 0 0 1 0 0 0 0 0 0 1 1 0 1 0 0 1 1 0 1 0 1 0 1 1 1 0 0 0 0 1 0 0 1 0 1 0 1 1 1 1 
1 0 1 1 0 0 1 0 1 1 0 0 1 1 0 1 1 0 1 0 1 1 0 1 0 0 1 1 1 1 0 1 1 1 0 1 0 1 0 0 0 1 0 0 0 0 0 1 1 0 1 0 1 1 0 0 0 1 1 1 0 0 0 1 1 0 1 1 1 0 0 1 1 0 1 1 1 0 1 0 1 1 0 1 1 1 0 0 0 0 
1 0 1 0 1 0 0 1 0 0 1 1 0 1 0 0 1 0 0 0 1 1 0 1 1 1 0 1 0 1 1 1 1 0 1 0 0 1 0 0 1 0 1 0 1 1 1 1 1 0 1 0 1 1 0 0 0 0 1 0 1 0 0 0 1 0 1 0 1 0 0 1 1 0 1 1 1 1 1 1 0 1 1 1 1 0 0 1 1 1 
1 0 0 1 1 0 1 1 0 1 1 0 0 1 1 1 0 0 0 1 0 1 0 0 1 1 1 0 0 0 0 0 0 1 1 0 0 0 1 0 1 1 1 1 1 1 0 1 0 0 1 1 1 1 1 0 1 1 0 1 0 0 1 1 1 1 1 1 0 0 0 1 0 0 1 0 0 1 1 0 0 0 1 0 0 1 1 1 1 0 
0 0 1 1 0 0 1 0 1 0 0 1 0 1 1 1 1 1 0 1 1 1 0 1 1 0 0 1 0 0 1 1 0 0 0 1 0 1 1 1 1 1 1 0 1 0 1 1 0 0 1 0 0 0 1 0 1 1 1 0 1 1 1 0 0 1 1 0 1 0 0 0 0 0 0 0 1 1 1 0 1 1 0 0 1 0 1 0 0 1 
1 0 0 1 1 1 1 0 1 1 0 0 0 1 0 1 1 1 0 0 1 1 1 1 0 1 0 1 1 0 1 1 1 0 1 1 1 1 1 1 1 1 0 0 0 1 1 0 1 0 0 0 0 0 1 1 1 1 0 1 1 0 0 1 0 0 0 1 1 1 0 0 1 1 0 0 1 1 1 0 1 1 1 0 1 1 0 1 0 1 
1 1 1 0 1 1 1 0 1 0 1 0 0 1 0 1 0 0 1 0 1 1 1 1 1 0 1 1 0 1 1 0 1 1 1 1 0 0 1 0 1 1 1 1 1 0 0 0 1 1 0 1 0 0 1 1 1 0 1 1 1 1 0 0 1 1 1 0 1 0 1 0 0 0 1 0 1 1 0 1 1 1 1 1 0 1 0 1 0 0 
1 1 1 0 1 0 0 1 1 1 0 1 1 0 1 0 0 1 1 1 1 0 1 0 0 0 1 0 0 1 0 1 0 1 1 1 1 0 0 1 0 0 1 1 1 0 1 0 0 0 1 0 0 1 1 1 1 0 1 1 1 1 0 1 1 0 0 1 1 1 1 0 1 0 1 0 1 0 0 1 1 1 1 1 0 0 0 0 0 1 
1 1 0 0 0 1 0 1 0 1 1 0 1 1 1 1 1 0 1 0 0 0 1 0 1 0 1 0 1 1 0 0 1 1 0 0 1 1 0 1 1 0 0 1 1 1 0 1 1 0 1 1 1 0 0 1 1 0 0 1 1 1 1 0 0 0 1 1 1 0 0 0 0 0 0 1 0 1 1 0 1 1 0 1 1 0 0 0 0 0 
0 1 0 0 0 0 0 0 1 0 1 0 0 0 1 0 1 0 0 1 0 0 1 0 0 1 1 0 0 0 1 1 1 1 0 1 1 0 1 1 0 1 1 1 1 0 0 0 1 1 0 0 0 0 0 1 0 0 1 0 0 1 1 1 1 1 0 1 1 1 0 0 1 1 1 0 1 1 1 0 0 0 0 0 0 0 0 0 1 1 
1 1 1 1 1 0 0 0 1 0 0 1 0 1 1 1 1 1 1 0 0 1 0 0 0 0 0 1 0 0 0 1 0 0 1 1 0 0 0 0 1 1 0 1 1 0 0 0 1 1 1 0 1 1 0 0 1 1 0 1 0 1 1 1 0 1 0 1 0 1 0 1 1 1 0 0 0 0 1 1 1 1 1 0 1 1 1 0 0 0 
1 0 0 1 0 1 0 1 1 0 1 1 0 1 0 1 1 0 1 0 1 0 0 1 0 1 0 1 0 1 0 1 0 0 0 1 0 1 0 1 0 0 0 0 1 1 0 1 1 1 1 1 0 0 0 0 1 0 1 0 0 0 0 1 1 1 1 1 1 0 1 0 1 0 1 0 0 0 0 0 0 1 1 0 1 0 0 1 1 0 
