# Number of items
60
# Stacking height
4
# Number of stacks
48
# Item name and Appearance
# (0 for I^{fix}, 1 for I^1, 2 for I^2)
   001     0
   002     0
   003     0
   004     0
   005     0
   006     0
   007     0
   008     0
   009     0
   010     0
   011     0
   012     0
   013     0
   014     0
   015     0
   016     0
   017     0
   018     0
   019     0
   020     0
   021     0
   022     0
   023     0
   024     0
   025     0
   026     0
   027     1
   028     1
   029     1
   030     1
   031     1
   032     1
   033     1
   034     1
   035     1
   036     1
   037     1
   038     1
   039     1
   040     1
   041     1
   042     1
   043     1
   044     1
   045     1
   046     1
   047     1
   048     1
   049     1
   050     2
   051     2
   052     2
   053     2
   054     2
   055     2
   056     2
   057     2
   058     2
   059     2
   060     2
# Positions of Ifix-items in the format (itemName, stack, level)
   001     8     2
   002     3     1
   003     1     3
   004     6     1
   005     2     2
   006    16     1
   007     5     1
   008     3     2
   009     4     2
   010     4     1
   011     1     2
   012     6     2
   013     9     1
   014    12     1
   015    10     1
   016     7     1
   017     7     2
   018    17     1
   019     8     1
   020     5     2
   021    13     1
   022    11     1
   023     2     1
   024    15     1
   025    14     1
   026     1     1
# Stacking matrix
# Info: number of 1-entries = 1499, density = 0.42
0 0 0 1 1 0 1 0 1 1 0 0 1 1 0 1 1 0 1 1 0 1 1 1 0 1 0 0 1 0 0 0 1 0 1 0 0 1 1 0 0 1 0 0 0 1 1 1 0 1 1 0 0 0 0 0 1 1 0 0 
0 0 0 0 0 1 1 0 1 0 0 0 0 0 0 0 0 1 1 1 1 0 1 0 0 1 1 1 0 1 0 1 1 0 1 0 1 0 1 0 0 1 1 1 0 0 0 1 1 0 1 1 1 1 1 0 0 1 0 0 
1 1 0 1 1 1 0 0 0 0 1 0 0 1 0 0 0 0 1 1 1 0 0 0 0 1 0 0 0 1 1 1 0 1 0 0 0 1 0 1 1 1 1 0 0 0 1 1 0 1 1 1 0 1 1 0 0 1 0 1 
0 0 1 0 0 1 0 1 0 0 1 1 1 1 1 0 1 1 0 0 1 0 0 1 0 0 0 1 0 1 1 0 1 0 0 0 0 1 0 0 1 1 1 1 0 0 0 1 1 0 1 1 0 0 1 1 0 0 1 1 
0 0 0 0 0 0 0 1 0 0 0 1 0 1 0 0 0 1 1 1 1 0 1 1 0 1 0 0 1 0 0 1 1 0 0 1 0 0 1 0 1 0 1 0 0 0 1 0 0 1 0 0 1 1 1 0 0 1 0 0 
0 1 0 0 0 0 0 1 0 1 1 0 1 0 0 0 0 1 1 1 0 0 0 1 0 0 1 0 1 1 1 0 0 0 0 0 0 1 1 0 0 0 1 0 0 1 0 1 0 0 0 1 0 0 0 0 1 0 0 1 
1 0 0 1 1 1 0 1 0 1 0 0 0 1 0 0 1 0 1 0 0 0 1 0 1 0 0 0 0 0 0 1 1 1 1 0 1 1 0 1 0 0 0 0 1 0 1 0 1 1 0 0 1 0 0 0 1 0 0 1 
1 1 1 1 0 0 1 0 0 0 0 0 0 0 1 1 1 1 0 0 0 1 0 0 1 1 1 1 1 0 1 0 0 0 1 1 0 0 1 0 0 0 1 0 0 1 0 1 0 1 0 1 1 0 0 0 0 1 0 0 
1 0 1 1 0 1 0 1 0 1 0 1 1 0 0 1 0 0 1 0 0 0 1 1 1 0 0 0 0 0 0 1 0 0 0 0 1 0 0 1 0 1 0 1 0 0 1 0 0 1 0 1 1 0 1 1 1 1 0 1 
0 1 1 0 0 0 1 1 1 0 1 1 1 0 0 1 1 1 1 1 1 0 0 0 0 0 0 0 0 1 0 0 0 1 1 0 1 0 0 1 1 1 0 0 0 0 0 0 1 0 1 0 1 0 1 0 1 0 1 0 
0 0 0 0 0 0 1 1 1 0 0 1 0 1 0 1 1 1 0 1 1 0 0 0 1 1 1 0 0 0 0 1 1 0 0 0 1 1 0 0 0 0 0 1 0 0 0 0 0 0 1 1 0 0 0 0 1 1 0 0 
0 1 0 1 0 1 0 0 1 0 0 0 1 0 0 1 0 0 0 1 0 0 1 1 0 1 0 1 0 1 0 0 0 0 0 0 0 1 1 0 0 1 0 1 1 0 1 0 0 1 0 0 0 1 0 0 0 0 1 0 
0 0 0 0 1 0 0 1 1 1 0 0 0 1 0 0 1 0 0 0 0 1 0 0 0 0 1 0 1 0 0 1 0 0 1 1 0 1 0 0 0 0 1 1 0 1 0 1 0 1 1 0 0 0 0 0 0 0 1 0 
1 1 0 0 1 0 1 1 1 0 0 1 0 0 0 0 0 1 1 0 0 1 1 1 1 0 0 1 0 0 1 1 1 0 1 0 0 0 0 0 1 0 1 0 0 0 1 0 0 0 0 1 0 0 0 0 1 0 0 0 
0 0 1 1 1 1 0 1 1 0 1 0 0 0 0 0 1 1 0 0 0 0 1 0 0 1 1 0 0 1 1 1 0 1 0 1 1 0 0 1 1 0 1 1 0 1 0 1 0 0 0 1 1 1 0 0 1 0 1 0 
0 1 0 0 0 1 1 0 1 0 0 0 1 0 1 0 1 0 0 1 0 0 1 0 0 0 0 1 1 0 1 1 0 0 1 0 1 0 0 1 0 1 0 0 0 0 1 1 1 1 0 1 1 0 1 0 0 0 1 0 
0 0 0 0 0 1 0 0 1 0 1 0 0 1 1 1 0 1 0 0 0 0 0 0 0 1 1 0 0 1 1 0 0 0 0 1 0 0 0 0 0 1 0 1 0 1 0 1 1 1 1 1 0 1 1 0 0 0 0 0 
0 0 0 0 1 0 1 1 0 1 1 0 1 0 0 0 0 0 0 0 1 1 1 0 0 0 0 0 1 0 1 1 1 1 1 1 1 1 0 1 0 0 0 1 0 1 0 0 1 0 0 0 1 0 1 1 1 0 0 1 
0 1 0 0 0 1 1 0 1 1 0 0 0 1 0 0 0 0 0 0 0 1 0 1 0 0 0 1 1 1 1 1 0 0 0 0 0 0 0 1 0 0 0 1 1 0 1 0 0 0 1 0 0 0 1 0 0 0 0 1 
0 1 1 1 0 0 1 1 0 1 1 0 0 1 0 1 0 1 1 0 0 0 0 1 0 0 1 0 1 0 0 0 0 0 0 0 0 0 0 0 1 1 0 1 1 0 1 1 1 0 1 0 0 0 1 1 0 0 0 0 
1 1 1 1 0 1 1 0 0 0 0 1 0 0 1 1 0 0 0 0 0 0 1 0 0 0 0 0 0 0 0 0 0 1 1 0 0 0 0 0 0 0 0 0 0 0 0 1 0 0 0 1 0 0 1 0 0 1 0 0 
0 0 1 0 0 0 0 1 0 0 1 0 0 1 1 1 1 0 0 1 0 0 1 0 1 1 0 0 1 0 0 0 0 1 1 0 0 0 0 0 0 0 1 0 1 0 0 1 0 0 0 0 1 1 0 0 0 0 0 1 
1 1 1 1 1 0 0 1 0 1 1 0 1 1 1 0 0 0 0 0 0 0 0 1 0 1 0 0 0 1 0 0 0 0 0 1 0 0 0 1 0 1 1 0 0 0 0 1 0 0 0 0 0 1 1 0 1 1 0 1 
1 0 1 1 0 0 0 1 1 1 1 1 0 0 1 0 1 1 0 1 1 0 0 0 1 0 1 0 0 0 1 0 0 1 1 0 1 1 1 1 0 1 0 1 0 0 0 0 0 0 1 0 0 0 1 0 0 0 0 0 
1 1 1 0 0 0 1 0 1 1 0 0 0 0 0 1 0 0 0 0 1 0 0 1 0 0 1 0 1 0 1 1 0 1 1 1 0 0 0 1 1 0 0 0 1 0 1 1 0 0 1 1 0 1 1 1 0 1 1 0 
0 1 1 1 0 0 0 1 0 0 1 1 1 0 0 0 0 0 1 0 0 1 1 1 0 0 0 0 0 1 1 0 0 1 0 0 0 0 1 0 0 0 0 1 1 0 1 0 0 0 0 0 1 1 1 1 0 0 0 1 
1 1 1 1 1 0 1 1 0 0 1 1 0 0 0 1 0 1 0 1 1 1 1 0 1 0 0 0 1 0 1 0 1 0 0 0 0 0 1 1 0 1 0 1 0 1 0 1 0 0 0 1 0 0 0 0 0 0 0 1 
1 0 1 0 0 0 1 0 1 1 0 0 0 1 0 0 0 0 0 0 1 0 1 1 0 0 0 0 0 0 0 0 1 1 1 1 1 1 1 1 0 1 1 0 0 0 0 1 0 0 1 0 0 0 0 0 1 0 0 0 
1 0 1 0 0 0 1 0 0 1 1 0 0 0 1 0 1 0 0 0 1 0 0 0 0 1 0 1 0 0 1 0 0 1 0 1 0 0 1 1 0 1 0 1 1 1 1 0 1 0 0 0 0 0 0 0 0 1 0 1 
0 1 1 1 0 0 1 0 0 1 1 0 1 1 1 1 0 0 0 1 1 1 0 0 1 1 1 0 0 0 0 0 0 1 0 0 1 0 1 1 1 0 1 0 1 0 0 0 0 0 0 0 0 0 1 1 0 1 0 1 
0 0 0 0 1 1 1 1 1 1 0 1 1 0 0 1 0 1 1 1 1 0 0 1 0 1 0 1 0 0 0 0 0 0 0 1 1 0 0 1 1 0 1 0 1 0 0 0 1 0 1 1 0 0 1 0 0 1 1 1 
0 1 0 1 0 0 0 0 1 1 1 1 1 0 0 0 1 0 0 0 0 1 1 1 0 0 0 0 0 1 0 0 0 1 0 0 0 0 1 1 1 0 1 1 0 1 1 0 0 0 1 0 0 0 0 1 1 0 0 0 
1 0 0 0 1 0 0 0 0 0 1 0 1 0 0 0 1 1 1 0 0 0 1 1 1 0 0 1 1 0 0 1 0 0 0 0 1 1 0 0 0 1 1 0 0 0 0 0 1 1 1 1 0 1 0 1 0 1 0 1 
1 0 0 0 0 1 0 1 1 0 0 0 1 1 0 0 1 1 0 1 1 1 1 0 0 1 1 1 0 0 0 0 0 0 0 0 0 0 0 0 0 1 1 0 0 1 0 0 0 1 1 0 0 1 1 0 0 1 0 0 
0 0 0 1 1 1 0 1 0 0 1 0 1 0 1 1 1 0 1 1 1 1 0 1 0 0 0 1 0 0 1 1 1 0 0 1 0 1 0 0 1 1 1 0 0 0 1 1 1 1 1 1 0 0 1 0 0 0 1 1 
1 1 0 1 0 0 0 0 0 1 0 0 0 0 0 1 0 0 1 1 0 0 0 1 1 0 1 0 0 1 0 1 0 0 1 0 1 0 0 1 1 0 0 1 0 1 0 1 1 0 0 1 0 0 0 1 0 1 1 1 
1 1 0 1 0 0 0 1 0 0 0 0 1 0 1 0 1 1 1 0 0 1 0 0 1 0 1 0 1 0 0 0 0 0 1 0 0 1 0 0 0 0 0 1 0 0 1 0 1 0 1 0 1 1 0 0 1 1 0 0 
0 1 0 0 1 0 0 0 0 1 1 1 1 0 1 1 0 0 0 0 1 1 0 1 0 1 1 0 0 1 0 0 1 0 0 1 0 0 0 1 1 0 1 1 0 1 0 0 0 1 0 1 1 0 0 0 1 1 0 1 
0 1 1 0 0 0 0 1 0 0 1 0 1 0 1 1 1 0 0 1 0 0 1 0 0 0 0 1 0 1 1 1 0 0 0 1 0 1 0 0 0 0 0 0 1 0 1 1 0 1 0 0 0 1 1 1 0 1 0 1 
0 1 1 1 1 0 1 0 0 0 1 0 0 1 0 0 0 0 0 0 1 0 0 0 0 0 1 1 0 1 0 0 0 0 0 1 0 0 1 0 0 1 0 1 1 0 1 0 1 1 1 0 0 0 0 1 0 1 0 0 
0 1 0 0 0 1 1 0 0 0 1 0 1 1 0 0 0 1 1 0 0 0 0 0 1 1 0 1 0 1 1 0 1 0 0 1 0 1 0 1 0 0 1 0 0 0 0 1 0 0 0 1 1 0 0 1 0 1 1 1 
1 0 1 0 0 0 1 0 1 1 1 1 1 1 0 0 1 1 0 1 0 1 1 0 1 1 0 0 0 1 0 0 0 1 0 1 1 0 1 1 1 0 1 1 0 1 1 1 0 0 0 0 0 0 1 1 0 1 0 0 
0 1 1 1 1 1 0 1 1 0 1 0 0 1 1 0 0 1 1 1 0 0 1 1 1 0 0 0 0 0 0 1 1 0 1 0 0 1 0 0 1 0 0 0 1 0 1 1 1 0 0 1 1 0 0 1 0 0 0 0 
1 0 1 0 0 1 0 1 1 0 0 0 0 0 0 0 0 1 0 0 0 1 1 0 1 0 0 0 1 1 0 0 1 1 0 0 1 0 1 1 0 0 0 0 1 0 0 0 0 1 0 0 0 1 1 0 0 0 0 0 
1 0 1 1 1 0 0 1 0 0 0 1 0 0 1 1 0 0 0 0 0 0 0 1 0 1 0 0 0 1 0 1 1 1 0 1 0 0 0 0 1 0 1 0 0 1 0 0 0 0 0 0 0 1 1 1 1 0 1 0 
1 1 1 0 1 1 0 0 0 0 1 1 0 0 1 0 0 1 1 0 1 0 0 0 0 0 1 1 0 0 0 1 0 1 0 1 0 0 0 1 1 1 0 0 0 0 1 0 1 0 0 0 0 1 1 1 0 1 0 1 
1 0 1 0 0 0 1 1 1 0 0 0 1 1 0 0 0 1 0 1 1 0 0 1 1 0 0 1 0 1 1 0 1 0 0 0 0 0 0 0 1 0 1 1 1 0 0 0 0 0 0 0 0 1 1 1 0 0 1 0 
0 1 0 0 0 1 0 1 1 1 1 0 0 1 0 1 1 1 0 1 0 1 0 1 0 1 0 1 1 1 0 0 0 0 0 1 0 0 0 1 1 0 1 0 1 1 1 0 0 1 1 0 1 0 0 1 1 0 1 1 
0 1 0 0 0 0 0 1 0 0 0 0 1 0 0 0 0 0 1 0 1 0 0 1 0 1 0 0 1 1 1 1 1 0 0 0 0 0 1 1 1 1 1 0 0 0 0 0 0 1 1 0 0 0 0 0 0 1 1 1 
0 1 1 0 0 1 0 0 1 0 0 1 0 0 1 1 1 0 0 0 0 0 0 1 1 1 0 0 1 1 1 0 1 1 1 0 0 0 1 0 1 0 0 0 0 1 0 0 1 0 1 0 1 0 0 0 0 1 0 0 
1 1 0 0 0 0 0 0 1 0 1 1 1 1 0 0 0 0 1 1 0 1 0 0 1 0 0 1 1 0 0 0 1 1 0 1 0 0 1 0 0 1 0 0 1 0 0 1 0 0 0 0 1 0 0 1 0 0 0 0 
0 0 0 1 1 1 1 0 0 1 0 0 0 0 0 1 0 0 1 0 1 1 0 1 0 1 0 1 0 0 1 0 1 0 0 0 1 0 1 1 1 0 0 0 1 1 1 1 0 1 0 0 0 0 1 0 1 0 1 1 
0 0 0 1 0 1 1 0 1 0 0 0 0 1 1 1 1 0 0 1 1 0 0 1 0 1 0 0 0 0 1 1 0 1 0 1 1 1 0 0 1 0 0 1 1 0 1 1 0 0 0 1 0 0 0 1 0 0 1 1 
1 1 0 1 1 0 0 1 0 1 0 0 0 1 0 0 0 0 1 1 1 1 0 0 1 0 1 1 1 1 1 1 0 0 0 0 0 1 1 1 1 0 0 0 1 1 1 0 0 0 0 0 0 0 0 0 0 0 1 0 
1 1 0 0 1 0 0 0 0 1 0 0 1 0 0 0 1 0 0 0 0 1 0 0 1 0 0 1 0 1 0 0 1 0 0 1 1 1 0 0 0 1 0 1 1 0 0 1 1 0 1 0 0 0 0 0 0 0 0 1 
0 0 1 1 0 1 0 0 0 0 1 1 1 1 1 1 0 0 0 0 0 0 1 0 0 0 1 1 0 1 0 0 1 1 1 0 0 1 1 0 1 0 0 0 0 0 0 1 1 1 0 0 1 0 0 0 1 0 0 0 
0 0 1 0 0 1 0 0 0 0 1 0 0 1 1 0 0 1 1 1 1 0 0 1 0 1 1 1 0 1 0 0 0 1 1 1 0 1 1 0 0 1 1 0 0 0 0 0 1 0 0 1 0 0 1 1 0 1 0 1 
0 0 1 1 0 1 1 1 0 0 1 0 0 1 1 1 0 0 1 0 1 1 0 0 1 1 0 1 1 1 1 0 0 1 0 1 1 0 0 1 1 1 0 0 0 0 0 0 0 0 1 0 1 0 0 1 0 0 1 0 
0 1 0 0 0 1 1 0 1 0 0 0 0 0 0 1 0 0 1 1 0 0 1 1 0 1 0 0 0 0 0 0 1 1 0 1 0 0 1 1 0 1 1 1 0 0 1 1 1 1 0 0 0 1 0 1 1 1 0 1 
1 1 1 1 1 1 1 1 0 1 1 0 0 0 0 0 1 1 1 1 0 0 0 0 1 1 0 0 0 0 1 1 0 0 1 0 1 0 0 1 0 1 0 1 1 0 0 1 0 0 0 0 1 0 0 1 1 1 1 0 
